1.6755
1.6217
1.5674
1.6570
1.5950
1.6756
1.3994
1.5331
1.5639
1.5750
1.5313
1.5293
1.6249
1.6336
1.6225
1.9036
1.6658
1.6465
1.6224
1.7424
1.5906
1.6548
1.5357
1.5662
1.2801
1.6013
1.4055
1.2979
1.5078
1.3983
1.4412
1.5386
1.7047
1.6455
1.7406
1.7167
1.5971
1.5978
1.5041
1.5030
1.5695
1.5864
1.7428
1.5638
1.6641
1.6867
1.5803
1.6116
1.7514
1.5680
1.6815
1.6468
1.5896
1.6565
1.6731
1.4479
1.7193
1.6714
1.5966
1.6366
1.5363
1.5419
1.5899
1.5568
1.6839
1.7095
1.7504
1.6612
1.5745
1.5542
1.4825
1.3940
1.6249
1.5503
1.6855
1.6412
1.5904
1.6829
1.6406
1.6544
1.7280
1.5424
1.7802
1.6141
1.5645
1.5656
1.4973
1.3322
1.6440
1.7021
1.7459
1.6441
1.8087
1.9738
1.8216
1.8558
1.7085
1.5753
1.4892
1.4704
1.7587
1.6519
1.7589
1.6257
1.2256
1.0953
1.1462
1.1316
1.6602
1.4802
1.5115
1.7558
1.7299
1.7166
1.9135
1.7463
1.5941
1.7376
1.5780
1.7148
1.5600
1.5587
1.5388
1.7183
1.5750
1.5961
1.6603
1.5969
1.7333
1.7418
1.9423
1.8812
1.5177
1.7457
1.8051
1.7164
1.6477
1.6688
1.5958
1.5576
1.6658
1.6900
1.6816
1.7802
1.4516
1.4075
1.5351
1.6180
1.5822
1.6048
1.7845
1.5723
1.7021
1.6447
1.5887
1.6782
1.6900
1.5665
1.6511
1.7334
1.6453
1.7241
1.7941
1.8075
1.6291
1.6043
1.7092
1.7309
1.5816
1.5424
1.6131
1.5712
1.4856
1.4831
1.5987
1.5153
1.6494
1.6660
1.4442
1.5852
1.5664
1.7289
1.7108
1.6786
1.6681
1.5549
1.7173
1.6840
1.6475
1.4276
1.4895
1.4419
1.6604
1.5700
1.6983
1.4746
1.5165
1.5799
1.5840
1.5771
1.5974
1.4938
1.5671
1.5333
1.1093
1.3058
1.1098
1.1882
1.6015
1.4384
1.5411
1.4238
1.5954
1.5376
1.6187
1.6046
1.5207
1.4276
1.5831
1.4729
1.6060
1.7346
1.5856
1.6190
1.5608
1.5684
1.7110
1.5973
1.7556
1.5089
1.6893
1.7268
1.5715
1.5793
1.5273
1.4678
1.6001
1.6793
1.4375
1.5546
1.5493
1.5859
1.6446
1.3820
1.5302
1.4853
1.5356
1.4784
1.5835
1.4330
1.6159
1.6195
1.6469
1.6130
1.5019
1.5565
1.1511
1.1640
1.2091
1.1578
1.5360
1.4479
1.5844
1.4717
1.6484
1.7202
1.6000
1.5531
1.6480
1.4728
1.4728
1.5876
1.4318
1.4818
1.4866
1.6552
1.7064
1.6186
1.7636
1.6579
1.7644
1.7189
1.5638
1.6035
1.4623
1.5046
1.3564
1.4570
1.3527
1.3615
1.4716
1.6428
1.7442
1.6631
1.5069
1.5128
1.4093
1.5041
1.4608
1.4100
1.6084
1.4237
1.6060
1.4822
1.5384
1.6312
1.5358
1.7372
1.1849
1.2558
1.0996
1.2076
1.6807
1.5269
1.4984
1.5100
1.4256
1.4602
1.5692
1.4024
1.5944
1.7085
1.5251
1.6404
1.5746
1.5020
1.5907
1.7745
1.4390
1.5634
1.5148
1.2974
1.4366
1.5516
1.3863
1.5910
1.8383
1.5419
1.4879
1.6542
1.7285
1.6059
1.6235
1.6117
1.6513
1.5779
1.6146
1.5705
1.5352
1.5368
1.4569
1.5955
1.6403
1.3962
1.3854
1.4816
1.4073
1.5041
1.6320
1.6926
1.6291
1.6970
1.5411
1.6913
1.5014
1.5267
1.3961
1.5637
1.3582
1.4477
1.4288
1.3288
1.3246
1.5140
1.7253
1.5195
1.5011
1.4981
1.4131
1.4604
1.5307
1.3131
1.6770
1.4123
1.5096
1.4820
1.4540
1.5513
1.6069
1.6828
1.5600
1.6733
1.3229
1.4511
1.4745
1.4010
1.6593
1.5908
1.3996
1.6577
