1.8476
1.8130
1.6936
1.5297
1.9561
1.7209
2.1220
1.7965
1.6050
1.9720
1.8797
1.6017
2.0698
1.8718
1.6138
2.6647
1.8068
1.7918
1.7211
1.7255
1.8718
1.8667
1.6408
1.5549
1.8749
1.8746
1.9924
1.9237
1.8064
2.0857
1.7134
1.7098
1.8782
1.7636
1.7540
2.1155
1.8788
1.8695
2.1795
1.6524
1.9730
2.1401
2.0075
1.8782
1.6973
1.9010
1.9583
1.8859
2.1347
1.6014
1.7690
2.1910
1.8291
1.5738
2.0053
1.9459
1.3739
2.1615
1.7301
1.5452
2.0565
2.1855
1.8859
2.2420
2.1774
1.8422
1.9349
2.0389
1.7809
1.9328
2.1454
2.1855
2.0025
1.9262
1.8410
1.8201
1.9079
1.8531
1.6205
1.6468
1.6824
1.9837
1.7534
2.0149
1.8015
1.9893
1.8314
1.8183
2.3092
1.9399
1.9516
1.8478
2.4608
1.8517
2.0477
2.1130
2.0553
2.1595
1.7505
1.8422
2.2034
1.6288
1.8083
1.8740
1.7228
2.1678
1.7871
2.0046
1.7658
2.0402
1.7004
2.0062
1.5315
1.8773
1.9237
1.6864
2.2513
2.1253
1.9339
2.1370
2.0124
1.5476
2.0685
1.8997
1.8601
2.1401
1.8632
2.0178
2.0519
1.9577
1.9961
2.0126
1.9357
1.8281
1.7047
2.2336
1.6643
1.7832
1.7377
1.4110
1.6721
1.6194
1.5907
1.8749
1.7311
2.1454
1.9459
1.7862
1.9399
2.3238
1.8314
1.8991
1.7377
1.8167
1.7121
1.7134
2.0407
1.7469
2.2246
2.1774
1.7769
1.6571
1.7125
1.8326
1.8882
1.7802
2.5026
2.0120
1.9685
2.1758
1.7731
1.9874
1.8383
1.7965
1.8314
1.9783
1.8827
1.7975
1.8003
1.8769
1.6094
1.7654
1.5709
1.7422
1.6292
1.7163
1.8890
1.7813
1.8362
1.7629
1.6883
1.9459
1.8718
2.0062
1.7979
1.7662
1.6334
1.5389
1.5530
1.7521
2.0943
2.0851
1.8931
1.6438
1.6688
1.8581
1.7744
1.9966
1.9961
1.8362
1.9594
2.0281
1.7117
1.3624
1.6094
1.7769
1.6094
1.6214
1.5915
1.9810
2.0748
1.8935
1.5644
2.2721
1.7098
1.6187
1.6997
1.6946
2.1432
1.6320
1.9357
1.8581
1.8352
2.0178
1.7266
2.0101
1.7154
2.2276
2.1459
1.8581
2.1855
2.0913
1.7782
1.8782
1.6740
1.6514
1.6784
1.5992
1.6143
2.0477
1.9459
1.6546
1.7177
1.9459
1.7108
2.1130
1.5514
1.6643
2.2276
1.9516
2.1736
2.1030
1.7785
2.0637
1.5235
1.5375
1.7288
1.5205
1.5667
1.7292
1.6946
1.7683
1.7391
1.5850
1.5635
1.6422
1.8827
1.8237
1.5846
1.6549
1.6643
1.9772
1.8853
1.5821
2.2380
1.8422
2.1910
1.6039
1.8458
1.8718
1.5095
2.0637
1.4847
1.5251
1.7207
1.6973
1.7760
1.5609
1.9181
1.5309
2.0680
1.4257
1.7610
1.7651
1.8118
1.6433
1.7769
1.8475
1.9279
1.3955
2.1075
2.0236
2.1041
2.1019
1.7789
1.7918
1.9110
1.6044
2.1707
1.5818
1.8112
1.9120
1.7677
1.8059
1.7806
1.7125
2.0794
1.8314
1.8124
2.1907
1.5229
1.8326
2.0369
1.8797
1.5805
2.1401
1.8339
1.8153
1.5811
2.0675
1.6839
1.7262
1.7143
1.4679
2.0334
1.9095
1.8349
1.9218
1.7399
1.5449
1.6876
2.0260
2.0088
2.1615
2.0643
1.7600
2.0675
1.8314
1.6524
1.9694
1.8931
1.8257
1.6049
1.7918
1.7399
1.7645
1.6625
1.5861
2.1504
2.0307
1.9810
1.9411
1.9765
1.6881
1.6621
1.6668
1.7153
1.4816
1.9516
2.0894
1.6094
1.8821
2.2407
2.0794
1.6202
2.1554
1.9353
2.0046
1.7480
1.6663
2.1203
1.7314
2.0307
2.0605
2.1253
1.8627
1.8201
1.9906
1.6888
2.1023
