1.6487
1.9042
2.1401
1.8608
2.0369
1.4586
1.6977
2.1785
2.4849
2.3354
1.8608
2.6626
2.9957
1.5198
2.3514
1.6314
2.0541
2.0794
1.9459
2.0513
1.8506
2.1518
2.6391
1.9661
1.5041
2.6150
1.7918
2.2246
1.7047
2.5649
2.1041
2.4423
1.8608
1.8383
2.3979
1.9459
2.0614
2.0369
1.5459
2.2407
1.7492
1.6094
1.6740
1.6650
1.0480
1.9095
1.5041
1.9859
1.4816
2.0541
2.0949
1.3350
1.4424
1.4351
1.9617
1.8718
2.1748
2.1785
2.1041
2.6626
2.1282
2.5055
2.1145
2.1401
2.3026
2.1972
1.4385
1.6094
1.7707
1.8909
1.5892
2.2824
2.3671
1.8068
2.1972
1.7272
Inf
2.0281
1.2809
2.1595
1.7130
1.7117
2.4204
2.8526
1.7148
1.7540
2.5903
2.6626
1.5404
1.5404
1.8068
1.6341
1.6247
1.8718
2.0244
1.5926
1.7346
1.4663
2.1691
2.3749
1.7540
1.9459
2.1102
1.8405
1.6247
1.6292
2.3354
2.4849
2.0281
2.2513
1.7047
1.6740
1.8718
3.0204
2.0015
1.9459
2.2192
2.4849
1.9459
1.6358
2.2192
2.3026
1.9981
1.4424
2.1484
3.0910
2.1001
2.4639
2.4639
1.5404
2.1972
3.1355
1.6818
2.1401
3.6889
1.8192
2.3273
1.7918
2.6856
2.3979
1.7918
1.8362
1.9279
1.7707
1.7452
1.8718
1.9095
2.2246
2.2407
2.3026
3.4012
2.2407
1.7610
1.9218
1.5533
2.2513
1.9136
2.1595
2.3979
1.9169
1.9169
2.0244
2.3979
1.9459
3.1355
2.4639
2.7081
1.6740
1.9169
1.5581
2.3795
1.9169
1.8971
2.2246
1.5640
1.6341
1.7272
1.8458
2.3514
3.1781
1.8101
1.7492
2.0369
1.7918
2.0794
1.6260
2.2773
1.4028
2.2130
1.4586
1.8281
2.5123
1.9694
1.8101
2.1691
2.5123
1.9095
2.5123
2.1282
1.4351
1.9694
2.2246
2.2192
2.0614
2.1972
2.2773
1.9661
1.5506
1.8405
1.3072
1.5841
1.8803
1.7148
2.0412
2.0794
1.8458
1.9694
1.9253
1.6094
1.7047
2.0149
2.0794
2.3979
1.8718
1.9459
1.9924
1.9694
2.1595
2.3026
2.3026
1.9095
1.6650
1.7452
1.9095
2.2513
1.6275
2.7081
2.0053
2.4204
1.7918
2.2192
1.8326
1.8718
1.8124
1.8458
2.5390
2.5055
1.7778
1.5315
2.3354
1.7430
2.0281
2.3273
1.6094
2.0053
1.8083
1.7272
1.6094
1.3863
2.3749
1.7047
2.4277
2.8332
2.0281
2.2618
1.9810
1.8971
2.7515
2.3979
1.3157
1.6818
2.0971
2.1595
1.5939
1.6796
2.0584
1.7707
1.7492
2.0244
1.7346
2.1595
2.6626
3.0681
2.7081
2.3979
2.8622
1.7177
2.7726
2.0477
1.5911
1.7750
3.5553
2.0794
1.4404
1.4604
2.0614
2.7932
2.5390
1.7918
3.7136
1.6946
1.5755
1.7918
1.4586
1.7292
2.0794
1.6487
3.7612
1.6529
2.4849
1.7047
3.5553
2.0794
1.6582
1.6376
2.1203
Inf
2.1691
2.3026
1.2040
1.8648
2.2773
2.0281
1.9253
1.6677
2.0794
1.9924
2.6150
1.7346
2.0244
2.3026
1.9694
1.7430
2.0369
2.3354
1.9694
1.7272
1.7610
1.9459
2.8332
2.3979
2.1518
1.7047
2.3273
1.7918
1.4028
3.0445
2.3979
2.6626
1.7492
1.7918
2.2407
1.4663
2.1518
2.2246
1.7346
1.9636
2.9957
2.4204
1.5911
1.3041
2.1518
2.0794
1.6275
1.4854
2.0149
1.8718
1.9253
2.2773
2.7726
1.3705
1.8971
1.7047
2.1972
2.4159
2.3224
1.7707
1.3652
1.8971
1.7918
1.8383
1.9694
1.6487
2.3979
2.2773
1.4709
1.4718
2.1748
2.3749
1.6740
2.1748
2.1972
2.2513
2.3026
2.1748
1.6094
1.6917
1.9279
1.9741
2.3979
