1.8847
1.9769
1.9323
1.8609
1.8919
1.8418
1.9491
1.8038
2.0424
2.0276
1.9536
1.9132
1.9449
1.9307
1.9062
1.9999
1.9447
1.8667
2.0427
1.9072
1.7780
1.9160
1.9399
1.8972
1.8773
1.8971
1.8956
1.9274
1.9447
1.9008
2.0713
1.9001
2.0473
2.0119
1.9608
1.9647
1.9737
1.9238
1.9003
1.9542
1.9372
1.9153
1.9026
1.9006
1.8417
1.9140
1.8548
1.9240
1.8811
1.9474
2.0595
1.9923
1.9394
1.9209
1.9474
2.0159
2.0163
1.9455
2.0441
1.9394
1.8497
1.9667
1.8848
1.9548
1.9378
1.9355
2.0352
1.9704
1.9939
1.9057
1.7881
1.7707
1.9656
2.0130
1.8423
1.9671
1.9255
1.9248
1.9088
1.8539
1.9017
1.9121
1.9892
1.9162
1.9681
1.9559
2.0451
2.0515
1.9511
1.8564
1.9340
1.9308
1.9224
1.9836
1.9715
1.8943
1.9904
2.0297
2.0110
1.9235
2.0009
1.8769
1.9478
1.9847
1.6083
1.5148
1.6207
1.7569
1.9778
1.9072
1.8891
1.9814
1.9156
1.9047
1.8747
1.8792
1.9463
2.0776
1.9307
1.9264
2.0128
2.0108
1.8383
1.9811
1.9105
1.8795
2.0438
2.0065
1.8263
1.8557
1.8213
1.9708
1.9882
1.8452
1.8900
1.9368
1.9433
1.9116
1.9136
2.0053
1.9732
1.9433
1.9230
1.9229
1.8994
1.9580
1.9429
1.9988
1.9735
1.9311
1.9165
1.9370
2.0086
1.9096
1.9648
1.9580
1.7514
1.9549
1.9340
1.9908
1.8888
1.9887
1.9888
1.9191
1.9209
1.9977
1.9010
1.9347
1.7952
1.8981
1.8937
1.9992
1.9041
1.9171
1.8423
1.8696
1.8086
1.9771
1.8509
1.8231
1.9380
2.0690
1.9680
1.8761
1.9444
2.0863
1.9218
1.9781
1.9915
1.9283
1.9167
1.8747
1.9113
1.9261
1.9583
1.9239
1.9937
1.9100
1.9329
1.9606
1.9319
1.8618
2.0394
2.1056
1.6413
1.6884
1.6408
1.6518
1.9364
1.9519
1.9329
1.9034
2.0206
1.9824
1.9228
2.0108
1.8152
1.9132
1.8594
1.9046
1.8784
1.9455
1.9953
1.9210
2.0125
1.9210
1.7812
1.9944
2.0504
1.9532
1.9444
1.9384
2.0261
1.9612
1.9250
1.9716
1.9734
1.9177
1.9715
1.9993
1.9171
1.9632
1.8556
2.0310
1.9272
1.8988
1.9439
1.9088
1.9108
2.0496
1.7871
1.9586
1.8280
2.0037
1.9613
1.8639
1.7222
1.7273
1.7520
1.8493
1.9296
1.9638
1.8822
2.0886
2.0057
1.9320
1.9976
1.8906
2.0567
1.9451
1.9726
1.9809
1.9167
1.9499
1.9795
1.9740
1.9965
1.9426
1.9685
1.9149
1.9800
1.9109
1.9421
1.9764
1.7569
1.7938
1.7995
1.8218
2.0040
1.9893
2.0122
1.9688
1.9343
1.9546
1.9420
1.8902
1.9032
1.8098
1.9166
1.9204
1.9535
1.9483
1.8915
1.9198
1.9001
1.7971
1.9373
2.0338
1.6434
1.7190
1.8063
1.6959
1.8504
1.9479
1.8905
1.9100
1.9764
1.9822
1.9506
1.9459
1.9266
1.9159
1.9074
1.9623
1.8572
1.9410
1.9583
1.8033
2.0012
1.9561
1.9073
1.9649
1.9573
1.9522
1.9606
1.9370
1.8916
1.9333
1.9719
1.9470
1.9239
2.0153
1.9517
1.9559
1.9651
1.9419
1.7994
1.8743
1.9410
2.0300
1.9241
1.8335
1.9078
1.8980
1.9258
2.0033
1.8137
1.9043
1.9422
1.8917
1.9452
1.9965
2.0330
2.0385
1.8626
1.8883
1.9600
1.8564
1.8470
1.9399
1.8796
1.9184
1.9322
1.9226
1.9862
1.8666
1.8899
2.0431
1.8864
1.8486
1.9007
1.8800
1.8911
1.8196
1.8981
1.8942
1.8272
1.9643
1.8610
1.9935
1.9817
2.0205
1.6137
1.8144
1.7837
1.7273
1.9270
1.9771
1.9603
1.9809
