0.7538
0.7453
0.7279
0.7674
0.7253
0.7655
0.7476
0.6721
0.6916
0.6975
0.7262
0.6602
0.6979
0.6873
0.7171
0.6619
0.6484
0.6877
0.7294
0.6989
0.7919
0.8244
0.9176
0.7764
0.6020
0.6108
0.6041
0.6053
0.7410
0.7177
0.7872
0.7057
0.6781
0.6605
0.6211
0.6675
0.7019
0.6735
0.6573
0.6417
0.6529
0.6555
0.6673
0.6421
0.7786
0.7615
0.8817
0.8398
0.7290
0.7422
0.7886
0.7329
0.6586
0.6504
0.6973
0.6496
0.6293
0.6459
0.6866
0.6541
0.8598
0.7856
0.8365
0.7965
0.6409
0.6140
0.6803
0.6572
0.8214
0.8221
0.9361
0.8839
0.6290
0.6139
0.5662
0.6633
0.6469
0.6447
0.6628
0.6973
0.7219
0.7102
0.6425
0.7459
0.6826
0.6166
0.6279
0.6978
0.6763
0.6629
0.6800
0.7322
0.6612
0.6316
0.6058
0.6064
0.6370
0.6547
0.6291
0.6603
0.6899
0.6801
0.7040
0.7035
0.6466
0.6264
0.6294
0.6382
0.7917
0.7719
0.7795
0.7850
0.7535
0.7463
0.7195
0.7360
0.6963
0.6627
0.6601
0.6561
0.7714
0.7483
0.7447
0.7299
0.7882
0.8542
0.7997
0.8523
0.9564
0.9535
0.8819
0.8965
0.7675
0.7564
0.7603
0.7625
0.6739
0.6728
0.6768
0.6602
0.7537
0.7812
0.7517
0.7673
0.6562
0.6615
0.6555
0.6479
0.6515
0.6422
0.6537
0.6159
0.6823
0.6617
0.6527
0.6631
0.6677
0.6998
0.6989
0.7190
0.6684
0.6500
0.6545
0.6625
0.8655
0.8292
0.7541
0.8386
0.7064
0.8584
0.7374
0.7715
0.7273
0.7034
0.6690
0.7369
0.6150
0.6354
0.6186
0.6393
0.6429
0.6080
0.5886
0.6310
0.7986
0.8523
0.8385
0.8851
0.6686
0.7280
0.6685
0.6910
0.7111
0.7200
0.6729
0.6764
0.7252
0.7385
0.6792
0.6957
0.8207
0.8419
0.8228
0.8505
0.7299
0.7105
0.7700
0.7140
0.6781
0.6460
0.6550
0.5651
0.6493
0.6375
0.6445
0.6015
0.8323
0.7859
0.7602
0.8176
0.7422
0.5939
0.6601
0.6022
0.7261
0.7450
0.7327
0.7014
0.9683
1.0492
0.9465
0.9519
0.9788
0.9105
0.9026
0.9439
0.8416
0.9008
0.8430
0.8647
0.9176
0.9882
0.8414
0.9368
0.9265
0.9428
0.8746
0.9126
0.8288
0.9202
0.8778
0.8271
0.7539
0.7649
0.8054
0.7916
1.0831
1.1217
1.1112
1.1087
1.0788
1.1486
1.0721
1.1177
0.9685
1.0015
0.9218
0.9906
0.7440
0.8042
0.7714
0.8141
0.8691
0.9234
0.8180
0.9119
1.0389
0.9767
0.8901
0.9083
1.0715
1.0646
0.9516
0.9187
0.9900
1.1007
0.9580
1.0799
0.9514
0.9379
0.9435
0.9935
0.9112
1.0462
1.0558
0.9335
0.9398
0.9756
0.9525
0.9912
0.8171
0.9198
0.7830
0.8160
1.0194
1.1126
1.0566
1.0760
1.0890
1.0459
1.0505
1.0423
0.9571
1.0456
1.0108
0.8739
0.8577
0.9438
0.8786
0.8059
0.8417
0.8997
0.8903
0.8744
1.0869
0.9800
1.0402
1.0751
0.9971
1.0036
1.1714
1.0733
0.9919
1.0234
1.1094
0.9769
0.8791
0.8479
0.8934
0.8928
0.8756
0.8121
0.8463
0.8675
1.1253
1.0284
1.0648
1.0209
0.8784
0.8099
0.8970
0.8430
0.9138
0.9290
0.9116
0.9653
1.2590
1.1765
1.1424
1.3212
0.7672
0.7589
0.7764
0.7708
0.7848
0.7440
0.7128
0.7468
0.7742
0.7407
0.7278
0.7461
0.6484
0.6277
0.6555
0.6364
0.6635
0.6092
0.6520
0.6537
0.7686
0.7189
0.7212
0.6980
0.7196
0.7372
0.6921
0.7105
0.7692
0.8323
0.8138
0.7713
0.8099
0.7493
0.7452
0.7521
0.6668
0.6468
0.6369
0.6437
