1.8262
1.8693
1.3981
1.8615
1.7190
1.4497
1.6017
1.4238
1.4802
1.5907
1.5948
1.6170
1.5590
1.8223
1.4955
1.3768
1.4764
1.4408
1.4196
1.7117
1.4085
1.5554
1.6901
1.6053
1.4881
1.5159
1.5981
1.4892
1.5798
1.5339
1.6452
1.5900
1.3710
1.4958
1.9260
1.4903
1.5678
1.1762
1.3633
1.3078
1.3408
1.2716
1.4250
1.4365
1.5251
1.6917
1.7595
2.0149
1.5418
1.6205
1.7957
1.5846
1.3257
1.4564
1.2865
1.4477
1.3943
1.3312
1.7047
1.2711
1.8349
1.3924
1.8326
1.9924
1.0344
1.2513
1.4723
1.4525
1.6621
1.6297
1.6568
1.9181
1.4784
1.4619
1.6385
1.4427
1.6247
1.6247
1.4321
2.1738
1.8746
1.6829
1.3031
1.9237
1.6592
1.6872
1.7918
1.7685
1.6137
1.6905
1.9169
1.8693
1.5832
1.2608
1.3710
1.5660
1.7288
1.5353
1.2632
1.4287
1.5454
1.2652
1.6917
1.7658
1.3898
1.4627
1.7346
1.2480
1.7365
1.9148
1.5963
1.6187
1.9260
1.7870
1.8096
2.0402
1.8281
1.9085
1.7563
1.6535
1.7918
1.9685
1.6707
1.5106
1.8352
1.8841
1.6846
2.3795
1.9564
1.9286
2.0350
1.7047
1.7626
1.7070
1.5304
1.3863
1.4278
1.4582
1.1836
1.4641
1.6094
1.5686
1.5331
1.4750
1.3688
1.3106
1.1580
1.2264
1.5381
1.2353
1.4809
1.5360
1.2725
1.2941
1.5701
1.2700
1.4909
1.3024
1.4344
1.4998
1.3514
1.2828
1.1237
1.1982
2.0506
1.5594
1.6784
1.9893
1.7503
1.7238
1.5930
1.7798
1.6042
1.7028
1.3383
1.3176
1.1527
1.3994
1.4702
1.3645
1.4184
1.5635
1.3437
1.4881
2.3545
1.9942
1.6447
2.1401
1.7030
1.7308
1.9017
1.6835
1.7395
1.7272
1.6740
1.8305
1.5388
1.8383
1.7148
1.1904
1.5282
1.8400
1.7792
1.9989
1.5387
1.5656
1.6140
1.4946
1.5728
1.6179
1.4513
1.1066
1.5075
1.5215
1.3510
1.1787
1.9021
1.9310
1.5974
1.8971
1.9210
1.0361
1.6236
1.4385
1.6376
2.0053
1.7444
1.7026
1.8902
1.6297
1.6940
2.0438
1.7654
1.6997
2.0093
1.7492
1.7619
1.8171
1.7714
2.0746
2.0614
1.9516
1.7047
1.4342
1.7525
2.0093
2.0260
1.8531
1.7731
1.6456
1.6208
1.8475
1.8315
1.9021
1.5422
1.5543
1.5836
1.8015
1.6140
1.7308
1.8422
1.7072
1.5724
1.8312
1.8370
1.5145
1.7452
1.6546
1.5404
2.3212
1.6148
1.9459
1.5907
1.9237
1.7423
1.7101
1.6047
1.9027
1.8207
1.4318
1.8326
2.0027
1.8575
1.9661
1.6233
1.7130
1.5017
1.4868
2.2395
1.8625
2.1401
1.9944
2.0849
1.9027
2.0595
1.5990
2.1493
1.6776
1.8276
2.3671
1.7314
1.6208
1.5339
1.4925
1.5421
1.6831
1.6487
1.6740
1.8377
1.8517
1.9404
1.7984
1.8599
2.2354
1.9730
1.7391
1.5212
1.6610
1.8648
1.4898
2.0122
1.6039
1.8769
2.3258
1.6959
1.8625
1.9631
2.2395
2.2824
2.2837
2.0575
2.1576
1.9218
1.9837
1.8989
1.6487
1.9021
1.8585
1.5835
1.6546
1.6146
1.5612
1.7865
1.5251
1.3863
1.5389
1.6283
2.4235
1.6625
1.8153
1.4110
1.8089
2.1768
1.6153
2.0438
2.2578
2.4099
1.7918
2.0281
2.3857
1.8235
1.7346
1.8245
1.5686
1.4663
1.6571
1.5520
1.8531
1.4729
1.5064
1.8643
1.5737
1.5189
1.2443
1.1638
1.1427
1.5382
1.3394
1.5141
1.3012
1.5120
1.3322
1.3146
1.3117
1.5769
1.7545
1.8834
1.5581
1.7644
1.6460
1.6707
1.7870
1.6441
1.5252
1.9783
1.7089
1.2064
1.3455
1.5640
1.1652
