1.8364
2.0026
1.9418
1.9645
1.9046
1.8858
1.9451
1.9072
1.9062
1.8431
1.9148
1.8987
1.8880
1.8509
1.9184
1.8072
1.9164
1.8603
1.9564
2.0039
1.8921
1.8629
1.9336
1.7903
1.9956
2.0332
1.9596
1.9940
1.8637
1.8239
1.8382
1.9197
1.9635
1.9086
1.9019
2.0117
1.8801
1.9089
1.9069
1.8565
1.8145
2.0160
1.8533
1.9774
1.8635
1.8180
1.7454
1.7967
1.7925
1.8952
1.7602
1.7119
1.7583
1.7857
1.8264
1.8347
1.8472
1.8718
1.6965
1.8393
1.9439
1.9034
1.9272
1.8675
1.8798
1.8263
1.6913
1.8367
1.7441
1.6458
1.6178
1.6967
1.9027
1.9803
1.9726
1.9750
1.9717
2.0074
1.9965
1.9852
1.9039
1.9858
1.9049
1.9714
1.9016
1.8711
1.8796
1.8644
2.0393
1.8582
1.9809
2.0137
1.7265
1.9586
1.8317
1.9801
1.7519
1.9157
1.8379
1.8660
1.9254
2.0167
1.9081
1.9827
1.9844
1.8735
1.8728
1.9166
1.9288
1.8338
1.9418
1.9789
1.8843
1.9709
1.9541
1.9591
1.9529
1.7324
1.8711
1.9459
1.8909
1.9325
1.8823
1.9585
1.8038
1.8945
1.8683
1.6961
1.5755
1.6605
1.6173
1.6237
1.8507
1.7266
1.7552
1.6305
1.7889
1.9396
1.9225
1.3455
1.8262
1.8097
1.9244
1.9485
1.8548
1.8701
1.9074
1.3015
1.8568
1.7718
1.8162
1.9038
1.8010
1.8468
1.8283
1.9432
1.9250
1.7504
1.8846
1.7914
1.9197
1.8180
1.9292
1.8918
1.8594
1.9332
1.9135
1.8886
1.9595
2.0158
1.9073
1.9090
1.8863
1.9358
1.9849
1.9321
1.5236
1.9549
1.9073
1.8884
1.7781
1.9818
2.0268
2.0010
1.8912
2.0035
1.9885
1.8095
1.8503
1.8772
1.9343
1.8347
1.4607
1.8809
1.8848
1.8616
1.9314
1.9814
1.9725
1.9119
1.9369
1.8578
1.8868
1.9508
1.8865
1.8927
1.8994
1.8801
1.8595
1.9841
1.9346
1.9051
1.9756
1.8106
1.8940
1.8938
1.8761
1.9129
1.9415
1.9668
1.9111
1.8732
1.9229
1.7971
2.0023
2.0634
1.9270
1.8937
1.6521
1.6073
1.6960
1.7311
1.6627
1.5864
1.6946
1.7228
1.7437
1.8424
1.7599
1.7935
1.6903
1.6830
1.6653
1.6077
1.7397
1.6958
1.6125
1.7135
1.7233
1.7280
1.7672
1.7710
1.9066
1.8458
1.8845
1.9441
1.8796
1.7745
1.8607
1.8653
1.7446
1.7417
1.8067
1.7096
1.6498
1.6709
1.5911
1.6167
1.6381
1.7998
1.7885
1.8082
1.6761
1.5927
1.7546
1.7363
1.7018
1.6058
1.6648
1.7166
1.7340
1.7397
1.6722
1.6849
1.9748
1.9112
1.7704
1.7739
1.5787
1.5323
1.5137
1.6091
1.6553
1.7011
1.6931
1.7047
1.7129
1.6798
1.6614
1.6519
1.9867
1.8481
1.8632
1.8280
1.8332
1.8136
1.8707
1.7953
1.6984
1.6690
1.6702
1.6647
1.7465
1.7746
1.7814
1.7805
1.7266
1.8485
1.8498
1.8196
1.7054
1.6277
1.6086
1.7140
1.4439
1.4609
1.4186
1.3697
1.5898
1.6950
1.5730
1.5891
1.6036
1.6049
1.6140
1.5813
1.7783
1.7078
1.7296
1.7570
1.8646
1.7010
1.8549
1.8415
1.8259
1.7548
1.9024
1.8410
1.8309
1.7422
1.7325
1.8497
1.6243
1.6704
1.7103
1.6738
1.2584
1.3387
1.3478
1.3214
1.7960
1.7903
1.8836
1.8117
1.7870
1.7408
1.8000
1.7869
1.8616
1.8877
1.7794
1.8425
1.8414
1.8014
1.7676
1.8882
1.8796
1.4644
1.8608
1.9097
1.7822
1.8938
1.8222
1.8810
1.8504
1.9808
1.9568
1.8613
1.8368
1.9413
1.8849
1.6094
1.9367
1.7370
1.6554
1.9444
1.8932
1.3601
1.8836
1.8791
