1.6094
2.0794
2.7726
2.3979
Inf
Inf
2.5649
Inf
Inf
1.6094
Inf
2.0149
2.0794
2.3026
0.8690
1.9459
1.2238
2.6391
2.1972
1.2528
2.4849
1.4351
Inf
2.7726
2.1972
1.6094
1.5404
1.6094
2.1972
2.0149
1.7492
2.4849
2.3979
1.7047
Inf
1.9459
1.4469
1.6740
2.0794
Inf
Inf
1.6582
Inf
1.7918
2.5257
2.3979
1.4469
1.4816
1.7918
1.7918
1.8718
2.3026
2.0794
2.3979
Inf
1.6582
Inf
2.7081
Inf
2.7726
1.7918
2.3514
2.4849
Inf
1.8458
1.3863
1.0986
1.2528
1.9459
1.0986
2.1972
1.3863
1.9459
Inf
1.4053
Inf
2.2513
2.0149
2.3979
2.3979
2.4423
1.4469
2.8332
1.8718
1.7047
2.3979
0.8109
1.2993
Inf
1.6740
2.0794
2.3979
2.0794
1.7918
1.7918
1.9459
2.1972
2.3979
1.7918
Inf
1.5041
1.4351
Inf
1.1527
1.9459
1.9459
Inf
Inf
2.3026
2.3026
1.8718
2.7081
1.7047
1.4351
1.7047
1.7047
Inf
1.8971
2.4849
2.4849
1.7918
1.7918
1.6740
2.4849
2.2513
Inf
1.7918
1.8458
1.4816
2.1972
Inf
1.7918
2.5649
2.3979
2.4849
1.4214
Inf
Inf
1.6094
1.0986
1.5686
1.8971
2.6391
2.7081
1.9459
2.0794
2.0149
Inf
1.5404
1.1701
2.0794
1.3863
2.9444
Inf
1.7918
1.6094
1.6094
Inf
2.4849
Inf
1.8458
0.8473
1.3863
Inf
Inf
2.3979
1.7346
1.5404
1.6582
Inf
1.1787
2.7726
2.3026
1.9459
2.0794
2.3026
1.9459
1.4663
2.1972
2.7726
2.3026
1.7047
Inf
1.5404
2.7081
1.4816
2.0149
1.5404
1.7346
Inf
2.3979
Inf
1.7918
1.9924
1.9459
1.1787
1.7918
1.3218
2.7726
2.4849
Inf
1.5041
1.5404
1.8718
1.6094
1.3218
2.3979
1.3350
1.5041
1.3863
1.0986
1.1787
1.8718
1.7047
1.7346
2.7726
2.0794
Inf
2.0794
2.0369
1.7047
1.6094
1.7047
2.0149
2.0794
0.8979
2.6391
Inf
1.8718
2.3979
Inf
Inf
2.5649
Inf
1.7918
1.7918
1.7492
1.6094
1.8718
2.0149
2.3979
2.7081
1.6094
1.3863
1.7047
1.8718
2.0149
1.7918
Inf
Inf
1.9459
2.0794
2.0149
1.9459
1.2993
Inf
1.6094
Inf
1.1394
1.7918
1.8718
Inf
Inf
1.8718
2.1972
2.1972
1.2238
2.4849
1.5041
2.7081
1.6582
Inf
1.6094
Inf
1.8718
1.3863
1.7346
3.1355
2.3514
2.4849
1.0296
1.7346
2.9957
1.9459
Inf
1.8971
2.4849
1.6094
1.0986
1.9459
1.7918
Inf
1.3218
1.9459
Inf
2.8332
1.7918
Inf
1.0296
2.3979
2.1401
0.8473
Inf
1.6094
1.4663
1.4271
1.9459
1.8718
1.3218
Inf
1.6582
Inf
Inf
2.0149
2.3979
1.9459
1.9459
1.5404
0.8650
2.8904
Inf
1.7047
2.1972
3.0445
1.4663
2.6391
Inf
1.5041
2.3026
1.8718
1.6094
2.0794
2.4849
2.3979
Inf
1.4663
1.8718
1.8718
Inf
1.9459
Inf
1.7047
2.4849
Inf
1.7918
1.8718
1.5041
2.3979
1.4663
1.6094
1.1787
Inf
Inf
2.3979
2.4849
Inf
Inf
1.3863
2.2513
2.7081
1.7047
Inf
1.7047
2.3026
2.0794
1.5041
1.1527
2.8904
2.0149
2.3979
2.4849
2.3979
1.7918
2.7726
1.8718
1.2809
Inf
1.7047
1.7047
1.8718
2.6391
2.1972
2.0794
Inf
2.3979
1.6094
2.0794
1.7047
1.3863
0.9163
2.0794
2.6391
1.8718
1.9459
2.3979
Inf
1.3863
Inf
1.3122
1.6094
