1.7299
1.6062
1.5925
1.7132
1.5995
1.5499
1.4884
1.6006
1.4089
1.4567
1.5839
1.7175
1.4820
1.6841
1.3542
1.6792
1.8159
1.5321
1.4849
1.5529
1.6588
1.7379
1.7247
1.7498
1.7061
1.5649
1.5528
1.6441
1.4353
1.5681
1.4282
1.6072
1.7700
1.6648
1.6141
1.6728
1.6753
1.6585
1.5859
1.7477
1.7238
1.6183
1.7791
1.5961
1.5350
1.4437
1.3989
1.4022
1.7053
1.4933
1.5872
1.5811
1.5460
1.5483
1.5565
1.7644
1.7389
1.5742
1.5201
1.4909
1.5934
1.5836
1.5118
1.6118
1.6428
1.6915
1.6172
1.6398
1.2833
1.1762
1.2700
1.1517
1.6773
1.6072
1.4041
1.5244
1.6250
1.5022
1.5404
1.4907
1.4973
1.6948
1.5673
1.3773
1.5022
1.3683
1.3854
1.6300
1.3967
1.5291
1.3491
1.2911
1.7140
1.6445
1.5046
1.7060
1.4214
1.5774
1.7707
1.5007
1.4536
1.5559
1.4900
1.4113
1.5276
1.6166
1.8122
1.8174
1.6615
1.6216
1.5903
1.4500
1.4733
1.5202
1.6249
1.5341
1.5693
1.4097
1.7074
1.5937
1.5639
1.3996
1.4936
1.5940
1.5081
1.4366
1.4269
1.4557
1.2315
1.1558
1.2502
1.1419
1.5649
1.3939
1.5303
1.3564
1.6864
1.7836
1.7216
1.7390
1.6559
1.7090
1.3757
1.4816
1.6909
1.6723
1.7607
1.6859
1.5995
1.6094
1.7638
1.6744
1.6497
1.6887
1.6748
1.6748
1.4642
1.6162
1.5220
1.4271
1.6546
1.6970
1.8410
1.7003
1.4378
1.5083
1.4403
1.3651
1.1785
1.4127
1.5089
1.1452
1.4683
1.3598
1.5510
1.3752
1.5147
1.4841
1.8363
1.4889
1.4831
1.6661
1.5560
1.6782
1.6300
1.5206
1.5978
1.3873
1.4675
1.4713
1.4340
1.6094
1.5667
1.6212
1.5747
1.5229
1.4922
1.5805
1.5845
1.4103
1.5246
1.4899
1.2571
1.3721
1.6972
1.3825
1.3053
1.3941
1.7178
1.4440
1.5619
1.4781
1.6179
1.6881
1.5996
1.4010
1.4905
1.3844
1.5221
1.5339
1.6083
1.4836
1.4002
1.5012
1.4834
1.3603
1.4721
1.5753
1.5559
1.6636
1.6507
1.4331
1.5011
1.6940
1.8181
1.5150
1.5853
1.6082
1.4834
1.6862
1.5719
1.8298
1.6338
1.6432
1.6664
1.6436
1.6907
1.6985
1.5734
1.7308
1.5844
1.6005
1.4814
1.5667
1.5614
1.5532
1.8132
1.7172
1.7888
1.8101
1.8468
1.9218
1.6614
1.7992
1.6424
1.8711
1.6389
1.8215
1.6016
1.5263
1.4851
1.5805
1.5412
1.5572
1.3748
1.5161
1.8635
1.6094
1.6570
1.6337
1.7440
1.8009
1.4808
1.5128
1.7512
1.8365
1.6215
1.7652
1.6701
1.7440
1.6631
1.5815
1.5619
1.4407
1.8010
1.6171
1.4823
1.8107
1.6255
1.6798
1.6837
1.5508
1.4115
1.6125
1.9230
1.7984
1.7675
1.8227
1.8549
1.8643
1.9302
1.7342
1.8289
1.8039
1.7957
1.8240
1.6061
1.6296
1.6845
1.6842
1.5336
1.4569
1.6802
1.4491
1.6766
1.7250
1.7406
1.5323
1.5800
1.5948
1.7018
1.5542
1.6692
1.8395
1.6397
1.5436
1.6169
1.5576
1.5765
1.5224
1.6744
1.4561
1.7053
1.4959
1.8435
1.7463
1.7216
1.6175
1.7424
1.6204
1.6217
1.4807
1.6191
1.5058
1.5881
1.5625
1.7591
1.7569
1.8752
1.8215
1.3449
1.4013
1.4970
1.5899
1.3395
1.5461
1.4268
1.4369
1.5734
1.6058
1.4892
1.3778
1.6940
1.6697
1.6528
1.6129
1.7417
1.5313
1.6382
1.7388
1.5067
1.6216
1.5003
1.4935
1.5010
1.6069
1.6752
1.6027
1.4318
1.4436
1.5216
1.5778
1.4682
1.5237
1.3678
1.5989
1.6592
1.6118
1.6711
1.7231
