1.9194
1.9664
1.7953
1.9398
1.9271
1.8565
1.8545
1.9899
1.8741
1.9349
1.9826
1.9470
1.8994
1.9229
2.0140
2.0557
1.9504
1.9024
1.9833
1.8936
1.7283
1.6378
2.0021
1.8647
1.9024
2.0056
2.0055
1.8777
2.0015
1.9144
1.9539
1.9859
1.9584
1.9686
1.8701
1.9096
2.0091
1.9250
1.9294
2.0279
1.9452
1.9554
1.9377
1.9760
1.8175
1.9955
1.9335
1.7572
1.9172
1.7924
1.8369
1.9339
1.8597
1.7654
1.9532
2.0001
1.8708
2.0165
2.0122
1.9587
1.9055
2.0175
1.9529
1.9576
1.9993
1.9698
1.9588
1.9029
1.9524
1.9624
1.8851
1.9728
1.9885
1.9133
1.9951
2.0037
1.9976
1.9270
1.9050
2.0234
2.0155
2.0329
1.9874
1.9899
1.8652
1.8711
1.8405
2.0238
1.9642
1.8881
1.8565
2.0238
2.0487
1.9890
1.9854
1.8703
1.8653
1.9742
1.9232
2.0288
1.9151
1.9101
1.8292
1.7666
1.9512
1.9876
2.0021
1.9353
1.9366
1.9108
1.9590
1.9802
1.9881
1.9525
1.9625
2.0163
1.9115
1.8654
1.9926
2.0011
1.9654
1.9974
1.9455
1.9360
1.7757
1.9803
1.9145
1.9067
1.9668
1.8496
2.0217
1.8642
1.8706
1.9352
1.9306
1.8952
1.8932
1.9345
1.9382
1.9336
1.9360
1.9046
1.9640
1.9087
1.8911
1.8932
2.0055
1.7176
1.9652
1.9284
1.9099
1.9740
1.9011
1.9697
1.8784
1.9433
1.9077
1.8615
1.9523
1.8293
1.8889
1.9952
1.9187
1.9305
1.9545
2.0502
1.9404
1.9337
1.9554
1.8830
1.8613
1.8985
2.0321
1.9440
1.9424
1.8836
1.7976
1.8923
1.9321
1.9696
1.8537
1.9661
1.9219
1.9224
2.0062
1.8695
1.9903
1.9063
1.9618
1.9605
1.9334
1.9434
1.9409
1.9275
1.9146
1.9667
1.9141
1.9001
1.9699
1.9790
1.9899
1.9314
1.9729
1.7259
1.9050
1.9103
1.9397
1.9971
1.8023
1.8025
1.8792
1.7513
1.9862
1.9628
2.0445
1.9790
1.9971
1.8681
1.8850
2.0823
1.9784
1.9748
2.0325
1.9651
2.0009
1.9427
1.9050
1.9701
2.0459
1.9746
1.9609
1.9280
1.9940
1.9141
2.0340
1.9980
1.9354
1.8892
2.0525
1.5102
1.9376
1.9208
1.8901
1.9048
1.9471
1.8854
2.0078
1.8889
1.9203
1.9986
2.0180
1.9703
1.9354
2.0168
1.8634
1.9404
2.0281
1.9475
1.9268
1.9560
2.0320
1.9421
1.9908
2.0204
1.9620
1.9978
1.8586
1.9394
2.0013
1.9452
1.9723
1.9381
1.9147
1.8430
1.9075
1.9307
1.9061
1.7262
1.8326
1.9022
1.9589
1.9079
1.9090
1.7262
1.8971
1.8880
1.9170
1.9595
1.9729
1.9761
1.9963
1.9791
1.9772
1.9203
2.0340
2.0909
2.0309
1.9877
1.9823
1.8991
2.0145
1.9448
2.0108
2.0066
2.0446
1.8822
1.8527
2.0194
1.9198
2.0439
1.7853
1.7263
1.8674
1.9488
1.9217
1.9448
1.9998
1.9565
1.8933
1.8773
1.8353
1.9520
1.9538
1.9589
1.8458
1.9268
2.0252
1.9737
1.9913
2.0022
2.0264
1.9120
1.9621
1.8280
1.9064
1.9343
1.9463
2.0132
1.9179
1.9433
1.9582
1.9246
1.9051
1.9362
1.9748
2.0799
1.9668
1.9869
1.9748
1.8820
2.0303
1.8999
1.9228
2.0094
1.9587
2.0060
2.0059
2.0532
1.9345
1.9626
1.9567
1.9213
1.8935
1.8386
1.9512
1.9648
1.9626
2.0330
1.9869
1.9313
1.9036
1.9095
1.8766
2.0190
1.8718
1.9552
1.9683
1.9948
1.9684
1.9340
1.8984
1.9008
1.8983
1.9854
1.8956
1.8122
1.9519
2.0223
1.8731
1.9130
2.0778
2.0827
1.9812
2.0212
1.9310
1.8270
1.8909
1.8976
1.9510
1.9150
