1.2528
1.3863
2.1972
1.7047
2.8332
1.3863
1.6740
1.4816
1.8718
2.3026
1.4663
2.5649
2.6391
1.2238
0.9808
Inf
2.0149
1.3863
2.0794
1.3863
2.2513
1.9459
2.4849
1.1787
1.9459
1.4271
1.8718
2.3026
1.2528
1.4816
1.7346
Inf
1.7047
1.2040
2.2513
1.9924
2.1203
1.6094
2.3026
1.9459
1.7346
1.9459
2.4849
2.5649
1.7918
2.0149
2.4849
2.3026
1.0415
1.6582
1.6582
1.8718
1.9459
1.3437
2.5649
1.2040
Inf
1.8971
1.5686
1.7047
1.5686
1.5041
1.7047
2.7726
1.7047
Inf
Inf
2.3514
2.3026
2.3026
1.7047
2.0794
2.5649
2.7726
1.6094
Inf
2.5649
2.7726
1.2238
1.9459
1.3863
1.4816
1.6094
2.6391
2.7081
0.4964
2.1401
2.9957
Inf
2.3979
2.4849
1.3218
1.9459
1.3122
2.0794
1.0986
1.8718
1.6740
1.5686
Inf
2.5257
1.7047
1.0296
2.6391
2.1401
1.9459
1.7047
1.8718
1.1451
2.8904
1.5041
1.2993
2.0149
1.0678
0.9985
2.5649
2.0149
1.9459
2.6391
1.8971
2.3026
1.5041
1.8458
2.5649
1.6094
1.6094
2.8904
1.9924
1.7918
1.3863
1.6740
Inf
2.4849
2.3026
1.6094
1.7918
2.2513
1.5041
Inf
1.7346
2.5649
2.3026
2.8904
Inf
1.3499
2.7081
1.4816
1.1787
1.1896
1.5686
2.5257
1.4469
1.7918
1.2809
Inf
1.2238
2.1401
2.0149
2.3979
2.0794
2.4849
Inf
1.3863
1.4663
2.8332
1.8458
1.3863
1.1527
1.2528
2.6391
2.1972
1.9459
1.0986
0.9383
1.8458
1.6487
2.3979
1.2040
1.2528
1.3863
Inf
1.8718
Inf
1.8718
2.0794
1.3863
2.1203
2.0369
1.4663
1.8971
2.4849
2.1972
1.2809
2.7726
Inf
1.5041
Inf
1.6094
0.9163
1.6740
Inf
2.3026
1.2528
1.3157
1.4469
1.6094
2.6391
1.9459
1.3218
2.0794
1.7918
1.8718
0.7885
2.1972
2.1401
1.5805
2.1972
2.5649
1.9924
1.9459
1.1394
2.5649
Inf
1.0055
1.8971
Inf
1.0986
Inf
1.3863
2.0794
1.8718
1.5581
Inf
2.1972
1.7047
1.6094
2.0794
2.6391
1.6864
2.0369
1.9459
2.0794
1.7918
Inf
Inf
Inf
0.5188
1.7918
2.0149
2.7726
1.3863
2.0794
1.1787
1.0986
2.1401
1.5041
1.3122
1.6582
1.3863
1.8718
2.3979
1.1527
1.6740
1.6094
1.6094
1.6094
2.5649
1.6094
2.5649
1.7346
Inf
2.6391
1.3218
2.4849
1.9924
2.0794
1.6094
Inf
1.6650
1.3863
1.5404
1.6582
2.8332
1.8718
2.6391
1.6094
2.3026
1.9459
1.6094
1.0296
1.6094
2.5649
1.7918
1.9459
2.3026
2.0794
1.7346
1.0986
1.9459
Inf
1.4663
1.1701
2.5649
Inf
1.8718
1.8971
2.3026
2.3026
2.5649
2.3979
2.4849
2.1401
1.2993
1.5581
1.0986
2.5649
Inf
2.3026
1.6094
1.9459
Inf
1.1632
1.3863
2.0794
Inf
1.5686
1.7047
1.7047
Inf
2.0794
1.2528
1.7047
1.7918
1.7492
1.5404
Inf
1.8718
2.1401
1.8971
1.7918
2.1972
1.7047
Inf
1.0296
1.2040
1.2993
2.3026
2.3979
1.6094
1.7918
2.4849
1.8458
2.4423
Inf
2.0149
2.3026
1.5404
1.2993
2.3026
1.1787
2.0794
1.4663
1.5041
1.2993
2.0794
2.8332
Inf
1.9095
2.8332
1.8718
2.4849
1.5404
1.3863
2.5649
1.7918
2.3979
1.2321
1.5041
2.3026
2.5649
1.7918
1.8718
2.1972
1.6094
2.1401
2.1401
1.6094
2.1972
1.8718
2.0369
1.6094
Inf
2.3979
2.4849
2.3026
1.4351
2.7726
1.5404
1.7918
1.9459
