2.0149
1.6463
2.0149
1.9169
1.4623
2.3979
1.7198
1.2637
1.4733
1.6094
3.6109
1.3370
1.9218
2.1972
2.2192
1.6946
1.6094
1.7391
1.8124
1.4663
1.5824
2.1595
1.4939
1.4088
1.3350
1.2939
1.2264
1.6818
1.6614
1.3723
1.7918
2.0281
2.1203
1.3257
1.3322
1.9459
1.6796
2.4510
1.5841
3.1135
2.4423
1.6895
1.4053
1.5404
2.0655
1.6864
1.8216
1.5449
1.5041
1.6835
1.7918
1.9741
3.0910
2.2858
2.6391
2.0971
1.7452
1.5712
2.1595
1.8871
1.6964
1.6677
1.4500
1.4214
1.4328
1.6895
1.4295
2.0794
1.9136
1.6422
1.4955
1.5404
1.8281
1.1602
1.6487
2.3026
1.6094
1.8124
1.8608
1.6582
2.1748
1.5724
1.7346
1.3610
1.5939
1.5294
1.4028
1.5404
1.3863
1.8281
1.6275
1.5404
1.5755
2.0314
1.3643
2.0794
2.2407
2.5455
1.9279
1.5224
1.7148
1.7228
2.1691
1.8192
1.6946
1.8101
2.1401
1.6677
1.5353
1.9859
2.3026
1.3863
1.8524
1.3633
1.9459
1.5805
1.8326
1.9716
2.1282
1.3025
1.9810
1.9279
1.8718
1.3412
2.9957
2.1972
1.4137
1.6625
1.7765
1.8153
1.8362
1.6094
2.2513
1.4534
2.5337
1.9095
2.3418
1.6094
2.7300
1.7292
1.6625
2.2858
2.3418
1.6094
1.3633
1.9095
1.3029
1.6260
1.7540
1.5805
2.9704
2.3749
1.9924
1.9218
1.9694
2.0541
2.1001
2.0794
1.7918
1.5911
2.0369
1.9062
2.3224
1.8718
1.8458
2.1203
1.2305
2.5903
1.7492
2.1401
1.9694
2.2336
1.4385
1.6292
1.7677
2.3026
1.6964
1.6796
1.7047
1.8608
1.4881
2.1484
1.5339
2.2618
1.8803
1.4663
1.7540
1.6292
2.3671
2.5649
2.2618
2.1041
1.8827
1.5476
2.0244
1.8971
2.0584
1.7918
1.3499
1.5911
2.0584
2.4567
1.6514
2.7726
2.3026
2.2513
3.5835
2.3749
1.3863
1.8101
1.8871
2.4849
2.0614
2.2407
1.9459
1.5856
1.4040
1.5404
1.4137
1.0692
2.3795
1.7918
1.3157
1.8101
2.4681
1.6247
1.5939
1.6740
1.2920
1.2993
1.5856
1.5179
1.4901
1.6094
1.9459
2.0477
1.6236
1.3524
1.8608
1.6487
2.0794
2.0053
1.7346
2.0149
1.7047
1.8124
1.6094
1.8909
1.3661
1.7750
1.7765
1.9218
2.3224
1.7130
1.6422
1.6275
1.7160
1.6625
1.4001
1.2528
1.4939
1.9253
2.1466
1.7346
1.8608
1.6397
2.4159
1.1741
2.1595
1.8894
1.5841
1.6784
2.1401
1.9459
2.3273
2.0244
2.4159
1.5126
1.2993
2.5014
1.9279
2.5903
1.5892
1.8803
1.8362
1.7346
1.9253
2.1650
2.3979
1.7579
3.2581
1.9694
1.3173
1.7255
1.2272
1.2417
1.5224
1.6341
1.6740
1.5506
2.3979
1.5656
2.3026
2.5649
2.0281
1.9694
1.4523
1.9924
2.6741
1.9279
1.7198
1.7047
1.7430
2.0614
2.4423
3.5835
1.6946
2.3026
1.8458
1.8827
1.7492
1.9042
2.4204
1.9694
1.9299
1.7117
2.3979
1.4733
2.7081
1.7579
2.1401
1.9459
1.6740
1.7731
1.5279
2.0794
2.0971
2.0949
2.3795
2.4639
1.9981
2.0655
1.9661
2.0149
1.3669
2.1401
2.6391
1.5911
1.8281
1.7430
3.3322
2.1972
2.0794
1.9924
1.8326
2.3609
2.5649
1.8101
2.1595
1.7525
1.7918
1.7148
1.8326
1.9169
2.6150
2.0244
1.3863
1.7148
1.7346
1.3412
2.5123
2.2513
1.5163
1.6818
2.3514
1.8909
1.4385
2.0053
2.2736
1.9636
2.2824
1.8827
1.5404
2.3979
1.5261
1.8124
1.7540
1.2272
1.4966
1.5041
1.4153
1.9810
1.9694
2.1972
1.8153
1.7346
2.2513
1.6487
1.4523
1.9924
