1.8801
1.8518
2.0415
2.1095
1.6817
1.4435
1.5953
1.5896
1.7973
1.7248
1.6756
1.9405
1.8614
1.9410
1.8597
1.8555
1.0772
1.2966
1.4347
1.4929
1.9320
2.0114
1.9474
1.9245
1.9274
1.9728
1.8946
1.9835
1.6767
1.7155
1.7832
1.8680
0.3510
1.1503
0.5286
0.7568
1.5985
1.2925
1.5866
1.3402
1.6739
1.8700
1.7888
1.8084
1.6681
1.8271
1.8468
1.8168
1.8999
1.8757
1.9509
1.9731
1.9093
1.9107
1.9052
1.9101
1.9444
1.9121
1.8531
1.9241
1.9094
1.9851
1.8807
1.8915
1.9905
2.0298
2.0191
1.9521
1.9640
1.8792
1.9658
1.9122
1.9204
1.9304
1.9612
1.8629
1.9452
1.8263
1.9553
1.9564
1.2975
0.8712
0.9737
0.8456
1.7359
1.8591
1.7380
1.7758
2.0276
1.9491
1.9081
1.9878
1.9487
1.9592
1.8970
1.7273
1.9344
1.9197
2.0068
1.9783
1.8979
2.0105
1.8945
1.8879
1.9526
1.9171
1.9168
1.8789
1.6791
1.8418
1.9664
1.8372
1.6508
1.6604
1.9577
1.8452
1.5844
1.7216
1.4388
1.5604
0.8625
0.9280
1.0907
1.2454
1.6754
1.4502
1.6494
1.5622
1.9323
1.8276
1.7426
1.9617
2.0303
1.9882
1.9934
2.0521
1.9369
1.9736
1.9094
1.8245
1.9591
1.9547
1.9733
2.0052
2.0386
2.0059
1.9482
1.5233
1.9564
2.0123
1.9411
1.9879
1.7732
1.8855
1.9679
1.9617
1.9929
1.9467
1.8812
1.9800
1.6926
1.8201
1.7690
1.7394
1.9997
1.9643
1.9414
2.0652
1.9005
1.8586
1.9205
1.8816
1.5290
1.6879
1.7628
1.8056
2.0293
1.9541
1.9482
1.9463
1.9301
1.9386
1.9781
1.9992
1.9101
1.9076
2.0175
1.8815
1.8803
2.0288
1.9844
1.9286
1.7219
1.7955
1.7685
1.8650
1.8543
1.9301
2.0075
2.0454
1.6910
1.7810
1.6267
1.7909
2.0187
1.8690
1.8768
1.9057
1.9381
1.9741
1.9109
1.9258
2.0260
1.8709
1.9054
1.9250
1.7841
1.8741
1.9067
1.8101
1.7904
1.9333
1.9158
1.9745
1.9092
1.9767
1.9184
1.9207
1.9258
1.9308
1.9392
2.0153
1.7943
1.8954
1.9352
1.9430
1.0104
0.6699
0.7593
0.5722
0.9619
0.9124
1.3313
1.1407
1.8649
1.9709
1.9391
1.9494
1.8668
1.8470
1.8861
1.9323
1.8386
1.5334
1.7241
1.7729
1.9734
1.9808
1.9342
1.7789
1.8441
1.8706
1.9068
1.8129
1.9924
1.8927
1.9238
1.8120
1.9748
2.0673
1.9889
2.0312
2.0046
1.8788
1.9805
2.0016
1.1943
1.3512
1.1575
1.3553
1.9301
2.0535
1.9354
1.9138
1.9269
1.9894
1.9172
2.0079
1.3845
1.0645
1.3578
1.0902
1.8890
1.9672
1.7510
1.7266
1.9083
2.0072
1.9490
1.9049
0.8189
1.0907
0.9149
0.8621
1.9575
1.9336
1.9725
1.7418
1.9297
1.9596
1.9958
1.9408
1.9751
1.9371
1.9691
1.9727
1.8658
1.8854
1.8306
1.6192
1.9733
2.0361
2.0289
1.9756
1.7748
1.9519
1.7394
1.7924
2.0227
1.8404
1.9975
1.9199
1.9522
1.9106
1.8580
1.8353
1.9968
1.8905
1.9752
1.9680
1.5276
1.4972
1.7219
1.5490
1.9633
1.9859
1.8814
1.9540
1.9939
2.0359
1.9841
1.9511
1.8693
1.9739
2.0691
1.9229
1.8567
1.8033
1.8999
1.7735
1.9246
1.9688
1.9668
1.9538
1.7749
1.8494
1.7827
1.5577
1.9050
1.9806
1.9220
1.9474
1.6372
1.6579
1.8249
1.7117
1.9295
1.9333
1.9459
1.9780
1.8866
1.9891
1.9597
1.8839
1.9965
1.9617
1.8580
1.6845
1.6765
1.7453
1.8014
1.4527
2.0149
1.9880
1.9443
1.9228
1.9204
1.8928
1.8867
1.8177
