2.7726
2.5649
1.1787
1.4469
1.1285
0.7282
1.4069
1.0609
1.7047
1.7918
Inf
2.6391
1.7918
2.1972
Inf
1.1632
2.6391
2.5649
2.7081
1.6094
1.9459
1.7918
1.3863
1.9459
1.7047
Inf
1.9459
2.7081
0.9985
1.6094
1.1431
1.2238
0.8188
0.5274
0.5047
0.4418
0.7828
1.5041
1.3398
0.8035
1.3863
1.7047
Inf
1.3350
1.6582
1.6094
1.3350
1.7918
1.2238
Inf
1.0986
Inf
1.0116
Inf
2.4849
1.5041
1.7047
1.4663
2.0369
Inf
1.2238
1.9459
2.8332
Inf
Inf
Inf
Inf
1.6094
1.0986
1.6740
1.3863
1.0986
2.0794
2.2513
1.9459
2.4849
Inf
2.3979
2.6391
0.9808
1.5041
Inf
1.6740
1.4663
Inf
2.3979
1.2040
Inf
1.5261
Inf
Inf
1.0986
2.4423
1.2528
1.7047
1.8718
Inf
1.7047
Inf
2.0794
1.2321
2.7081
2.0794
2.5649
1.7492
1.3218
2.7081
2.3026
Inf
1.8458
1.3863
1.4469
1.7636
0.8065
1.0586
1.0818
0.8630
1.0704
0.9083
0.8701
Inf
1.5404
1.6094
Inf
1.0116
2.7081
2.5649
1.7047
Inf
1.7346
Inf
1.3350
2.1972
2.0794
Inf
1.6094
2.3026
1.8718
2.5649
1.7047
2.3979
1.7918
1.9459
1.3863
1.2809
1.1787
2.6391
Inf
2.4849
1.3863
2.1972
1.7918
1.2238
2.7081
Inf
Inf
2.8904
Inf
1.9459
1.1896
1.4553
0.8473
1.6917
0.9963
1.6094
Inf
2.0794
1.1896
0.9985
1.5404
1.6094
Inf
1.7918
1.8718
1.1527
Inf
1.4469
Inf
Inf
0.9555
1.4214
1.3863
Inf
1.0647
1.5404
1.8718
1.9459
Inf
2.5649
1.9459
1.4469
1.7346
1.3863
2.7081
1.4351
2.0149
2.4849
1.5686
Inf
1.8718
2.3026
1.6094
2.0149
1.4663
1.2528
2.6391
Inf
1.9459
2.6391
2.1972
2.7081
1.7918
Inf
1.3863
2.0149
1.7918
1.8718
1.4663
1.2040
1.6094
1.4663
Inf
Inf
1.6094
1.6094
2.0794
2.6391
Inf
1.9459
1.6094
2.3026
1.0498
0.8473
1.3863
Inf
1.2809
1.3350
1.4663
Inf
1.7918
Inf
2.0794
2.4849
2.9444
1.8718
1.7918
1.3863
2.9444
2.3026
1.1350
Inf
1.6582
2.0794
Inf
2.4849
2.6391
Inf
2.5649
2.3026
1.4351
1.3545
1.4469
Inf
2.0794
Inf
2.1972
2.3026
1.7047
1.6094
2.1972
Inf
2.0794
1.8718
Inf
2.4849
Inf
1.5404
1.6094
1.5686
2.0794
1.0561
2.4849
2.9957
1.6740
1.4469
0.9163
1.9459
2.3026
2.4849
1.3863
1.3863
1.1896
Inf
Inf
1.3350
2.3026
2.5649
2.1401
1.7047
1.2528
0.9295
0.6022
0.7097
0.8781
Inf
1.2809
2.4849
Inf
2.7726
Inf
2.5649
1.8326
0.9985
1.2528
2.1203
1.8718
2.7726
0.8755
1.5041
Inf
2.4849
1.6094
2.1972
2.8332
1.2238
1.3218
1.5041
1.9459
2.0794
Inf
1.5041
1.4663
1.2993
1.2238
1.6740
2.3026
1.3863
Inf
Inf
Inf
1.5261
1.8971
1.7346
1.4553
Inf
1.1632
Inf
2.5649
2.9444
1.4663
1.7918
2.8332
Inf
1.6422
2.4849
1.7228
1.5404
2.0369
2.5649
1.4469
Inf
0.8473
1.6740
Inf
1.8458
2.7726
2.9957
1.5041
2.6391
2.7726
1.9459
1.2993
1.5041
1.9459
Inf
1.7918
2.4849
2.3026
Inf
1.2993
1.4663
2.1972
1.4663
1.6864
Inf
Inf
1.3863
2.5649
1.1896
1.5404
Inf
1.7918
1.6094
1.3863
2.7081
1.2809
2.1972
0.9445
2.3026
1.6740
