1.6260
1.9924
2.3026
Inf
1.2475
0.9795
1.4843
0.9061
2.0614
1.2852
1.1180
1.4816
1.9042
1.6964
1.6677
1.3412
2.5055
1.6977
1.7677
1.7918
2.1972
1.6094
1.5533
2.1001
2.2192
1.9169
1.6625
1.5926
1.2917
0.9620
1.4725
0.9991
0.4480
0.2534
0.2298
0.5418
1.2964
1.0794
1.2440
1.1111
1.9459
1.3481
2.2773
1.6094
2.1972
2.3514
1.8153
1.2809
1.8056
2.7081
2.1972
2.8332
2.3273
2.0149
1.7707
1.8632
1.5755
1.5115
1.3863
1.4955
1.4028
2.5390
1.4137
1.7148
2.5903
1.9218
1.8718
1.9694
2.3609
1.8326
2.0369
2.2513
1.3244
1.3269
1.3610
1.4171
1.5261
1.9981
2.2618
2.4235
2.2687
1.4773
2.0053
1.2742
2.2513
1.8458
1.2577
1.6796
2.0244
1.8326
1.5724
1.6946
1.9021
1.9299
1.5285
1.5622
2.2824
1.5339
1.8326
2.1748
1.7130
2.5649
2.0477
1.5353
1.8326
2.4849
2.0637
2.0794
1.9042
2.4510
1.7918
1.3863
1.1799
1.1260
1.9677
1.0068
1.0658
0.9353
0.6503
1.2264
1.9253
1.8056
1.3962
1.9279
1.9095
1.2111
2.1253
1.5911
1.7918
2.4567
1.9459
1.7918
1.7228
1.6946
1.9253
1.7579
2.5903
1.6818
2.2246
1.5339
1.1787
1.6275
2.1748
1.4469
1.6236
1.5841
1.9924
1.8827
1.4069
1.4623
3.1499
2.2773
1.9661
2.0614
1.9253
1.9218
2.5337
2.4423
1.9459
1.6917
0.6079
0.9270
1.7531
0.7678
1.8827
1.7677
1.6796
1.6422
1.6917
1.8971
1.9859
2.0794
2.3514
2.4567
1.5126
1.6094
1.7452
1.4663
1.6094
1.7918
1.9021
2.2192
1.4939
1.9694
1.5622
2.1001
1.6677
1.5163
1.5755
1.9459
1.9981
2.9704
1.5241
2.0477
1.6701
1.7579
2.0149
1.9741
1.5459
1.3034
2.0369
2.0369
1.1116
1.9253
1.5294
1.4061
2.8134
1.6236
1.7272
2.0314
1.4110
2.2687
2.0971
2.0369
1.4663
1.5640
2.0369
1.7391
1.6650
1.6358
1.3705
1.5261
2.1282
2.2824
1.4733
2.2437
2.2336
2.0794
2.2246
2.3749
2.2246
1.8068
1.7228
1.4572
1.7228
1.5805
1.7707
1.4697
1.6094
1.2958
1.5488
1.5533
1.3610
2.0244
1.6397
1.9981
1.5141
1.4351
1.6452
1.5198
1.7198
1.6818
1.9299
1.2487
1.3236
1.6094
1.4001
1.8124
2.5455
1.9279
2.2407
1.7918
1.8718
1.8362
1.9218
1.9459
1.7047
1.8971
2.4849
1.3524
2.0015
1.2993
1.4663
1.8083
1.8458
1.6094
1.7579
1.5755
1.5656
1.2040
1.3863
1.8245
1.8524
1.7130
1.6441
2.1203
1.9636
2.1001
2.3026
1.0986
1.6358
1.7247
1.4351
1.6582
1.8718
1.6219
2.0369
2.2407
1.9661
2.0149
0.6887
0.7362
0.5035
0.7828
2.2736
2.1972
1.9459
1.4759
2.3609
3.7136
1.4733
1.6946
1.8458
2.0794
2.0584
2.4204
1.6275
2.3979
2.2246
1.7492
2.3609
1.8101
1.8524
2.3026
2.3979
1.7346
2.0794
1.9315
1.9253
1.8326
1.9042
1.7047
2.1203
1.8326
1.8326
2.5649
2.3273
2.5840
1.9981
1.5285
2.0614
2.0637
1.9253
1.4623
1.1741
2.6150
1.7405
1.5533
2.5055
2.3224
1.9095
2.3609
1.5459
2.7300
1.5476
1.4709
1.8281
1.6818
1.7148
1.6692
1.5261
1.5459
2.1518
2.5903
1.3723
1.5554
1.3157
1.5782
2.1972
2.8717
1.6094
1.4523
1.4733
1.6094
1.4069
1.9810
1.5224
1.2993
1.6247
2.9444
1.8871
1.6864
1.9218
1.9299
1.5126
1.7272
1.6260
1.4534
1.5892
1.4289
1.0488
1.6094
2.1748
1.5315
1.8192
2.0369
1.5581
1.3437
2.5257
1.8216
