0.5253
0.6398
0.6345
0.6122
0.1124
0.1155
0.1188
0.1416
0.4810
0.4424
0.4526
0.4677
0.5261
0.5042
0.5495
0.5153
0.4855
0.4128
0.4658
0.5192
0.5924
0.6779
0.6566
0.6554
0.7532
0.7203
0.7684
0.7763
0.1387
0.1550
0.1985
0.1760
0.0509
0.0561
0.0489
0.0542
0.1318
0.1260
0.1506
0.1423
0.3852
0.3345
0.3800
0.4026
0.5615
0.5304
0.5185
0.5246
0.6067
0.5757
0.6568
0.5951
0.6040
0.5581
0.6692
0.5644
0.4811
0.5224
0.5180
0.6018
0.6743
0.6414
0.6944
0.7064
0.5729
0.5309
0.5404
0.5482
0.6760
0.6678
0.6772
0.7189
0.5176
0.4229
0.5205
0.5799
0.3812
0.4440
0.4423
0.5830
0.3998
0.3652
0.3917
0.3323
0.4254
0.4389
0.4400
0.4193
0.6590
0.6504
0.6686
0.7170
0.6223
0.6281
0.6404
0.6853
0.5418
0.4425
0.5398
0.5682
0.6236
0.7549
0.5933
0.7292
0.4885
0.5273
0.4862
0.5405
0.5268
0.4926
0.4559
0.5064
0.1362
0.1526
0.1356
0.1879
0.1248
0.1493
0.1170
0.1457
0.5029
0.4418
0.5138
0.5338
0.4475
0.4270
0.5715
0.4174
0.5368
0.4659
0.5052
0.5134
0.6037
0.5627
0.6787
0.5842
0.5842
0.5406
0.5241
0.5539
0.5538
0.4926
0.3957
0.4846
0.7907
0.7821
0.7674
0.8274
0.4710
0.4603
0.4522
0.5327
0.3573
0.3848
0.4175
0.3732
0.5481
0.6260
0.6110
0.6182
0.2695
0.1642
0.2073
0.1826
0.6156
0.6397
0.6017
0.6194
0.6366
0.6500
0.6706
0.6907
0.5326
0.5128
0.5122
0.5263
0.6949
0.6950
0.7322
0.7564
0.6973
0.6940
0.7680
0.8162
0.6744
0.6164
0.7181
0.6961
0.6563
0.6039
0.7172
0.6394
0.3686
0.4615
0.4288
0.5437
0.3272
0.3049
0.3924
0.4361
0.4629
0.4754
0.4622
0.4477
0.4555
0.4758
0.4062
0.4668
0.4090
0.4166
0.4407
0.4201
0.6552
0.6498
0.6782
0.7282
0.4303
0.4361
0.4360
0.4412
0.5853
0.5223
0.5761
0.5422
0.3295
0.3751
0.4239
0.3771
0.6268
0.5908
0.6161
0.6074
0.4809
0.4724
0.4866
0.4279
0.3996
0.2978
0.2932
0.3069
0.3852
0.3614
0.3512
0.3401
0.3475
0.3527
0.4306
0.4228
0.3431
0.3669
0.3388
0.4199
0.4503
0.3472
0.3120
0.3231
0.7692
0.7594
0.7911
0.8902
0.3695
0.3861
0.3753
0.3925
0.4969
0.4314
0.4559
0.4096
0.5446
0.5661
0.5911
0.5663
0.6167
0.5845
0.4940
0.6324
0.3153
0.2838
0.2923
0.3151
0.5269
0.5854
0.6278
0.6569
0.5787
0.6436
0.6934
0.6987
0.4021
0.3485
0.3679
0.3292
0.6649
0.7067
0.6590
0.7301
0.6090
0.6672
0.6751
0.6654
0.0759
0.0932
0.0857
0.1178
0.7155
0.7508
0.8033
0.8700
0.6870
0.6691
0.7201
0.8585
0.4054
0.4769
0.4193
0.4545
0.7949
0.7568
0.7626
0.8945
0.5931
0.7167
0.7193
0.7084
0.3987
0.3629
0.3715
0.3413
0.6258
0.7114
0.6094
0.6588
0.5080
0.4373
0.4682
0.5158
0.7431
0.8931
0.8418
0.8156
0.3615
0.3386
0.4001
0.3824
0.4614
0.5979
0.4787
0.4799
0.6939
0.6895
0.6582
0.7367
0.6478
0.6770
0.6559
0.6350
0.4229
0.4080
0.4831
0.3947
0.5667
0.5022
0.5470
0.5444
0.4013
0.3467
0.3112
0.3336
0.5626
0.7211
0.5940
0.6578
0.5964
0.5659
0.5128
0.5394
0.5027
0.5261
0.5244
0.5156
0.6385
0.6025
0.6390
0.6370
0.6409
0.6779
0.6399
0.7157
0.3371
0.2795
0.2706
0.2712
0.6281
0.5583
0.7023
0.5980
0.6506
0.6183
0.6734
0.5912
