0.3913
0.4805
0.4288
0.5431
0.8909
0.5721
1.2524
0.9803
0.4430
0.6756
0.5155
0.8478
1.6587
1.6201
1.7114
1.7682
0.6140
0.8136
0.8445
0.8594
1.3456
1.4187
1.2428
1.3702
0.1299
0.1263
0.1099
0.0636
1.5691
1.4657
1.5534
1.5796
0.9668
1.6073
1.7360
1.5653
0.3949
0.3862
0.4671
0.5835
0.7077
0.5994
0.4883
0.6000
1.0761
0.8393
0.4921
0.5804
0.5349
0.5843
1.0156
1.3789
1.0965
1.1407
0.8721
0.5523
0.8179
0.8515
1.0563
0.8139
1.5394
1.3231
1.4697
1.5129
0.6792
0.4021
1.0045
0.8531
0.6592
0.5071
0.6499
0.9126
0.9555
1.3403
1.1468
1.4838
1.1844
1.2497
1.1293
1.4544
1.0277
1.0124
0.7936
0.5094
0.8830
0.6917
0.9120
0.6824
0.8701
0.7088
0.7019
0.3875
0.8580
1.0512
1.5562
1.5092
0.4737
0.5274
0.4271
0.1865
1.4979
1.4467
1.6603
1.5454
1.0352
1.4672
1.3115
1.3760
1.3993
1.2730
1.4499
1.7113
0.8877
0.6693
0.4123
0.2134
0.6543
0.6536
0.7256
0.6185
1.3572
0.8097
0.6956
0.5511
0.8673
1.1872
0.9506
0.9481
1.2970
1.3965
1.2712
1.0384
0.7265
0.7762
0.6191
0.5086
0.7409
1.4227
1.1519
1.5012
1.2428
1.5288
1.2433
1.3365
0.3645
0.4225
0.3394
0.4211
1.1976
1.0771
1.0964
1.2866
1.7890
1.7882
1.7482
1.7492
0.4695
0.2801
0.3772
0.3760
0.4216
0.3280
0.4208
0.1931
1.5977
1.5997
1.6425
1.4361
1.8871
1.8298
1.8023
1.7791
1.6239
1.4953
1.6145
1.6719
0.4037
0.4204
0.4176
0.4148
1.4599
1.4724
1.3191
1.2102
0.3460
0.3351
0.4019
0.5634
1.4106
1.4582
1.4062
1.5337
0.3905
0.5035
0.6679
0.4625
0.9405
1.1984
1.0890
0.9660
1.2434
0.8680
0.6099
0.7563
0.5482
0.8233
0.7578
1.0690
0.5322
0.6459
0.5225
0.4060
1.6733
1.6730
1.5458
1.5750
1.5815
1.7528
1.3029
1.4630
0.7520
0.7163
0.5286
0.5342
1.7001
1.7140
1.7581
1.4974
1.0746
1.2408
1.2320
1.8245
1.1333
1.0096
1.3748
1.5340
0.5159
0.3786
0.3838
0.3927
1.4851
1.4492
1.6126
1.3374
0.7868
0.7325
0.9239
0.9528
1.4963
1.5466
1.3444
1.4998
1.0967
1.2033
1.0964
0.7999
0.6890
0.8002
0.8514
0.5512
0.7878
0.9122
0.9101
0.6906
0.8097
1.0307
0.9763
1.0070
0.3928
0.4304
0.6610
0.5993
0.5066
0.5128
0.5378
0.4168
1.5648
1.7224
1.6222
1.8894
1.1256
0.9203
0.6507
0.7629
1.3796
1.3302
1.1474
0.9953
1.2163
1.1734
1.4569
1.5676
0.9919
0.8037
0.7962
0.8264
1.1555
1.4075
1.2158
1.3787
0.4081
0.5190
0.4014
0.6389
1.0506
1.4100
1.2621
1.2576
1.0598
0.9994
1.0042
0.6066
0.7249
0.7612
1.1177
0.8361
1.4290
1.2727
1.0883
1.4551
0.7353
0.6086
0.4235
0.4491
0.7847
0.9165
1.7016
1.9401
1.4524
1.4607
1.4029
1.5054
0.9659
0.8699
0.6994
0.6185
0.4448
0.4496
0.6194
0.7178
0.5870
0.8616
0.9211
0.9732
1.3434
1.4565
1.2805
1.0596
1.1997
1.4445
1.1021
1.2491
0.5233
0.5214
0.4831
0.2844
0.9842
1.3955
1.0400
1.5649
1.5873
0.5393
0.4601
0.4675
0.9514
1.1502
0.9077
1.3648
0.3759
0.3158
0.4135
0.4362
1.5488
1.6303
1.6780
1.4981
1.3909
1.4000
1.2125
1.3134
1.4879
1.6438
1.5129
1.5962
1.4544
1.1888
1.0061
1.1412
1.8104
1.7936
1.7355
1.4093
0.7073
0.3851
0.4016
0.3647
1.3010
1.6944
1.8069
1.9196
