1.6740
1.7492
1.7918
1.5404
2.3979
1.3863
1.6094
Inf
Inf
2.3979
Inf
2.7081
0.7732
1.4663
Inf
1.1896
1.0986
1.7047
Inf
1.8718
1.7047
2.5649
2.8332
1.6582
2.7081
1.4663
2.0149
0.8557
1.6740
1.3218
1.6094
1.3863
2.4849
1.1260
0.7538
1.0296
1.2993
1.5581
Inf
1.6740
Inf
Inf
1.5404
1.4469
1.6740
Inf
1.3863
1.3863
1.3863
1.4816
0.5155
0.9651
Inf
2.1972
2.4849
2.9957
2.7726
1.6094
2.2513
2.7081
1.8718
2.7081
2.7726
2.1595
1.7346
Inf
2.0149
2.2513
Inf
1.7346
1.9459
1.6740
2.3026
1.3863
2.1972
2.1972
1.1787
1.6094
1.3863
1.7918
Inf
2.3026
2.0794
1.0415
Inf
1.5404
1.2528
0.7472
1.1632
1.3863
2.0794
1.6740
2.5649
1.4663
1.0986
2.3026
Inf
1.6094
Inf
0.9555
Inf
1.4663
1.8458
1.5041
1.7346
1.1787
Inf
1.6094
1.8718
Inf
1.6094
1.3218
2.3026
1.8971
1.5404
1.1394
2.3026
2.0794
2.1972
1.8971
1.0986
1.7346
1.1451
1.0116
1.2528
Inf
2.1972
1.0561
1.3863
Inf
2.4849
1.2040
2.1401
Inf
2.0794
1.5404
Inf
Inf
Inf
2.4849
Inf
1.6094
1.6094
1.7918
1.6094
3.0445
2.5649
1.5041
2.3979
1.7047
1.6094
Inf
1.3863
1.0986
2.1401
0.9808
2.4849
1.9459
1.3350
1.6094
Inf
2.4849
2.6391
2.0794
0.8329
1.6740
1.3863
0.8109
1.7047
1.6094
1.7047
1.6094
2.7081
Inf
2.3026
Inf
2.3979
1.2528
1.1394
0.8804
1.0986
2.3979
2.1972
2.3979
Inf
1.2238
Inf
2.6391
1.4663
2.8332
1.6094
1.7918
2.1972
1.5404
2.0149
Inf
1.4663
0.9163
2.3026
1.2528
Inf
1.5041
1.8718
2.1401
2.8904
Inf
2.3026
1.7047
1.2528
2.0149
1.2528
1.0986
1.5404
Inf
1.9459
1.5261
1.0986
1.7346
2.5649
Inf
1.3218
Inf
2.0794
1.4663
1.1787
2.0149
1.7918
1.0986
Inf
Inf
Inf
1.3863
Inf
1.5404
2.0149
Inf
2.7726
2.3979
Inf
2.8904
1.7918
1.1632
1.3863
1.2879
2.3979
0.9555
1.3218
1.6094
Inf
1.6740
2.6391
Inf
1.2993
1.2040
1.6094
1.6094
Inf
2.1972
Inf
0.8267
2.0794
Inf
1.5041
Inf
1.8718
1.0415
2.1972
1.8718
2.3026
1.9459
2.5649
1.7047
1.0116
Inf
2.3026
2.4849
2.0794
2.1972
2.1972
2.1401
1.9459
Inf
2.1972
2.1972
0.7376
1.8718
1.8718
1.3863
1.7918
Inf
1.6094
1.2040
1.6740
1.6094
1.8971
1.3863
1.6740
1.4663
2.3026
1.0986
1.7918
1.7918
1.4663
Inf
1.6094
1.4469
Inf
2.6391
2.3026
2.1401
Inf
2.3026
1.4171
2.0149
1.0704
1.7918
1.7918
1.4663
1.7918
1.0415
Inf
1.7918
2.1401
1.9459
Inf
2.0149
0.5921
1.8718
Inf
1.3863
Inf
1.1896
1.2993
1.1527
1.4171
0.8183
Inf
Inf
Inf
1.7918
2.0794
Inf
Inf
Inf
1.3863
Inf
1.9459
1.7047
1.9459
1.7047
1.6094
2.5649
2.3026
1.7918
1.8718
Inf
2.8904
1.8718
Inf
Inf
1.7918
0.9163
0.9163
1.5581
1.9459
2.1972
1.7918
Inf
0.8267
Inf
1.6094
2.0794
1.3863
1.5581
1.8458
0.6931
1.3863
2.0149
1.2321
1.3863
Inf
1.7918
1.5041
1.3863
1.3863
1.3863
2.5649
2.0794
0.9651
2.0794
1.3863
0.9343
2.1972
1.9459
1.7918
2.3979
Inf
1.6094
1.3350
1.7047
