2.5455
2.1145
2.0244
1.7346
1.3350
1.9617
1.6946
1.7731
1.8971
2.0584
1.4469
2.0971
0.7791
1.3173
1.2090
1.2784
2.1595
1.3683
2.1595
1.9694
1.6358
1.9459
1.8326
1.6341
0.8945
1.1692
0.7289
0.5735
0.6531
1.4744
1.0986
0.8916
1.9169
1.6582
1.2993
2.1282
1.7177
1.8909
2.5649
1.5841
2.3671
2.1203
2.0614
2.0281
1.3218
1.2040
1.1952
1.7778
0.7783
1.4733
1.0480
1.1686
2.1316
1.8971
1.5926
3.0204
1.8458
1.5856
1.0002
1.2489
2.1203
1.5969
1.4864
1.2040
1.3987
1.7918
1.5581
2.2618
1.4307
1.5794
1.0660
1.4641
1.5404
3.4340
2.3273
1.8827
1.2809
1.0664
1.3143
1.5892
1.7707
1.5911
2.4159
1.7148
1.7918
1.8718
1.8326
1.4781
1.7047
2.0149
2.1102
1.5353
2.8622
1.3269
2.4681
1.5926
1.7117
3.0445
2.1401
1.6635
1.6818
1.3099
1.6275
1.4053
1.7918
2.7300
2.1001
1.7579
1.7346
1.6625
1.5724
1.4153
1.7198
1.3244
1.5041
1.2869
1.4137
1.6094
1.5640
1.8971
0.7453
1.1436
1.0776
0.8938
1.7918
1.2321
1.8506
1.1151
1.4018
1.7405
1.9694
1.6094
1.7228
3.1781
2.1785
1.7405
1.5546
2.5840
1.6864
1.9459
1.5315
1.3350
1.8718
1.5294
1.4009
1.6964
1.8458
1.4307
1.4623
0.9808
1.4843
1.1811
0.7885
1.2685
1.8971
1.5041
1.9661
1.4697
1.8083
1.8326
2.1518
1.4854
1.8245
1.5755
0.8638
1.5041
1.7707
1.5969
1.9459
3.0910
1.4069
2.1001
1.9617
2.3979
2.3979
2.2407
1.3967
1.3350
1.0900
1.2867
2.3749
1.5939
2.3026
1.7731
1.1896
2.0369
1.5506
1.7047
1.9859
2.0149
1.7750
1.6275
1.6094
3.4965
1.8153
1.5640
1.2879
1.9459
1.4663
2.3979
1.7554
1.4864
1.5939
2.0655
1.7492
2.1785
2.3979
2.8034
1.3412
1.9124
1.7677
1.2792
1.2408
1.7047
1.9859
0.9445
1.7346
1.4901
2.0794
2.0614
1.8216
1.1741
1.3301
1.2379
0.8824
1.4663
1.4966
1.2397
1.5261
1.5686
1.9253
1.8803
1.4791
1.7765
2.2192
1.4088
1.4171
1.7346
1.4435
1.5261
1.0986
1.5126
1.0881
1.4307
2.8622
1.1653
1.8458
2.0369
1.5533
1.5926
1.7198
1.0799
2.1972
1.6625
1.8909
2.1972
1.2040
1.0394
1.3863
0.7666
1.4321
2.1972
1.8245
1.6452
3.5264
1.8827
2.4849
3.0204
2.3749
1.8827
1.4939
2.5903
1.4796
1.4982
2.2858
1.6011
1.4321
1.1632
1.5339
2.0149
1.3743
1.1994
1.5805
1.8506
1.0704
1.1213
1.5115
1.3705
1.8101
2.0431
2.5903
1.8563
2.3514
1.8909
1.4307
1.2993
1.8245
1.6677
1.7658
1.4733
1.9253
1.6917
1.6452
1.4733
1.9966
1.5285
1.9459
2.0584
2.1401
2.1972
2.3026
1.4881
1.7346
1.3350
2.0431
1.3322
0.8317
1.3863
1.0804
1.0852
2.1001
1.4917
1.8383
2.1748
0.8447
1.1260
1.7492
1.4240
1.2321
1.5476
1.1994
1.4816
0.8739
1.1671
0.9480
0.9204
1.9924
1.7540
1.8608
2.1748
2.0794
2.9957
2.1748
1.4975
1.9169
2.1203
1.9924
2.1972
1.4615
1.6227
1.6463
1.7918
2.1748
1.4271
1.7292
1.1876
1.8524
2.2773
1.9095
1.6977
1.4604
1.6895
1.6864
2.0477
2.1203
2.3026
1.7765
2.0053
1.9459
2.7515
1.4572
1.7108
0.8377
1.2528
1.2852
1.5926
1.1230
1.7610
1.3524
1.6292
1.5656
1.4469
1.8101
2.1812
0.9445
1.2459
1.1364
0.8979
0.9921
1.4604
1.4028
1.1144
1.7918
2.5123
1.4854
2.1401
2.1972
2.0053
1.6895
1.9459
