1.3260
1.5377
0.8869
1.6500
1.6905
1.4069
1.5357
1.4990
1.4592
1.4752
1.0363
1.4161
1.4828
1.7760
1.7228
1.1890
1.5921
1.6011
2.0519
1.4246
1.8443
1.8050
1.7822
1.9906
0.4039
0.4163
0.2240
0.1425
1.0046
1.1750
1.0404
1.1326
1.7466
1.5864
1.7765
1.6278
1.4091
1.1492
1.3511
1.5133
1.7252
1.7842
1.8608
1.6726
1.5810
1.3024
1.2513
1.3295
1.5936
1.0745
1.2887
1.1870
1.1966
1.1740
1.8192
1.2470
1.1980
0.6408
0.6737
0.6438
1.2673
0.8744
0.8842
0.8011
1.5065
1.3265
1.3043
1.6147
1.1106
0.6626
0.7465
0.8952
1.6094
1.5750
1.3641
1.6094
1.1049
1.6214
1.3730
1.5543
1.5221
1.4612
0.8583
0.6587
1.4324
1.0403
1.0204
0.7589
1.6921
1.1776
1.0199
0.7274
1.4778
1.5795
2.0553
1.8670
1.6282
1.3065
0.9705
0.7657
1.7614
1.2512
1.6301
1.7228
1.6560
1.7447
1.6388
1.7975
1.4544
1.7957
1.7383
1.7836
1.2107
0.7356
0.7274
0.4937
1.9392
1.4675
1.6884
1.1663
1.0944
1.3127
1.0605
1.1840
1.2373
0.6728
0.7350
0.4959
1.6136
1.5176
1.4007
1.4351
1.7838
1.7755
1.8025
1.7603
1.6148
1.6163
1.6843
1.7918
1.4541
1.5097
1.5513
1.3234
1.2124
1.2164
0.9884
1.3032
0.9566
0.4821
0.7402
0.4767
1.3153
1.6864
1.3942
1.4998
1.0714
0.5718
0.7294
0.5324
1.3569
0.9489
0.9768
0.8455
1.4948
1.5321
1.4479
1.2735
1.6422
1.4446
2.0270
1.9406
1.7769
1.7004
1.6496
1.7301
0.5209
0.4910
0.4265
0.4484
1.7331
1.6289
1.6591
1.6376
1.2814
1.1377
1.5809
1.2528
1.8064
1.7963
1.7953
1.5785
1.5926
1.4596
1.2264
1.3153
1.2773
1.3581
1.6681
1.4834
1.5148
0.9359
0.8028
0.8645
1.3481
1.6053
1.4536
1.7156
1.1655
0.9111
0.9990
0.9716
1.0889
1.6592
1.3150
1.2007
1.6487
1.9557
1.4613
1.6240
0.8833
0.4711
0.6395
0.5335
1.3437
1.4854
1.4390
0.9868
1.9823
1.7152
1.8958
1.6430
1.5373
1.5651
1.3666
1.9673
0.8505
0.7729
0.7556
0.4236
0.9780
1.2528
1.3154
1.2869
1.6005
1.4080
1.8890
1.6382
1.6141
1.5629
1.6393
1.3787
1.2000
1.3746
1.6973
1.3128
1.4823
1.0772
1.0351
0.3583
1.5156
1.5339
1.6525
1.5612
1.7383
1.5976
1.7606
1.6839
1.5010
1.1771
1.2891
1.3785
1.1341
0.6411
0.9443
0.6186
1.6433
1.8769
1.8954
1.7492
1.3011
0.7716
0.7823
0.9150
1.5191
1.6348
1.5939
1.5520
1.7838
1.8112
1.4380
2.3085
1.2591
0.7543
0.9127
0.9321
1.5099
1.4480
1.5224
1.7047
1.2409
1.0481
0.9828
1.2238
1.2628
1.4988
1.4764
1.4759
1.5198
1.3322
1.2076
0.6232
1.7430
1.4542
1.3141
1.1175
1.0953
1.0592
1.2372
1.0084
1.4167
1.1103
1.2993
0.9505
1.3606
1.4011
1.5792
1.4333
1.6159
2.0553
1.6176
1.4366
0.8186
0.6615
0.4347
0.4302
1.2879
1.2094
1.5130
1.6341
1.7870
1.8276
1.7170
1.7006
1.7111
1.4366
1.4787
1.6568
1.5353
1.4917
1.5123
1.4218
1.2703
0.6753
0.7614
0.3884
1.7093
1.7438
2.1832
1.9629
2.0584
1.7622
1.5826
1.3591
1.5832
1.6917
1.8146
2.0270
0.7836
0.8310
0.7168
0.5427
1.4721
1.3913
1.5253
1.2209
1.1249
1.5369
1.4053
1.2138
2.0584
1.7971
1.6838
1.6719
1.1173
1.1123
1.2306
1.1813
1.1423
1.5210
1.1239
1.3025
1.7405
1.3033
1.4417
1.2014
1.8827
2.1535
1.7020
1.6788
