0.7235
0.7266
0.7224
0.7563
0.8338
0.8282
0.7422
0.8089
0.7572
0.6787
0.7722
0.7329
1.1332
1.1024
1.0606
1.1417
0.8661
0.8837
0.7822
0.8030
0.7249
0.8037
0.8249
0.8001
0.8159
0.9358
0.8154
0.9073
0.8219
0.8911
0.7976
0.8052
0.8518
0.9084
0.7449
0.7641
0.6824
0.6251
0.5405
0.7224
0.8162
0.8458
0.7207
0.8181
0.7328
0.6992
0.7298
0.6862
0.7894
0.7310
0.7718
0.6907
0.6361
0.6404
0.6410
0.6491
0.9105
0.8688
0.9088
0.7019
0.7873
0.7993
0.7886
0.7521
0.9330
0.7874
0.8816
0.7484
0.8868
0.8002
0.7520
0.7296
0.6847
0.7581
0.7280
0.7208
0.9623
0.9626
1.0012
0.9155
0.8071
0.8054
0.8090
0.8120
0.7481
0.7358
0.7792
0.6910
1.0182
1.0193
0.8850
0.9565
1.2475
1.4001
1.3872
1.3345
0.8172
0.7689
0.7235
0.7022
0.9739
1.0561
0.9267
0.9146
1.0056
1.0687
0.9446
1.0060
0.7492
0.6884
0.8206
0.7175
1.2253
1.1467
1.2902
1.1879
1.5365
1.5132
1.3459
1.3460
0.7673
0.7751
0.7524
0.8123
1.0931
0.9327
0.9951
0.8837
1.2017
1.1702
1.1582
1.0569
1.0156
1.0758
1.1197
1.1461
0.6720
0.6212
0.5562
0.6714
0.8395
0.8327
0.7694
0.7862
0.8280
0.7583
0.7357
0.7761
1.0411
1.1069
1.1457
1.1833
0.7449
0.6418
0.5888
0.6614
1.2593
1.1237
1.0757
1.0320
0.8119
0.6890
0.7727
0.7915
1.0968
1.0880
1.1168
1.0163
1.0143
0.8867
0.9281
0.9600
0.8993
0.8279
0.7948
0.8966
0.8908
0.8965
0.8168
0.7866
0.9046
0.7762
0.9432
0.8586
0.7910
0.8359
0.8447
0.8082
0.7675
0.7200
0.8073
0.7721
0.9708
0.9888
0.9109
0.8819
0.8471
0.7521
0.7458
0.6655
0.9965
0.9856
0.9688
1.0737
1.0448
0.9438
0.9936
1.0082
0.7963
0.7158
0.7912
0.7900
0.7673
0.7347
0.6358
0.7559
0.9031
0.8830
0.9112
0.9384
0.8107
0.7872
0.7670
0.8815
0.6977
0.7551
0.6657
0.6179
1.2083
1.1394
1.1142
1.0505
0.6554
0.7268
0.6909
0.6790
0.7031
0.7568
0.7347
0.8187
0.9858
0.8609
0.9171
0.9570
0.7396
0.6682
0.6544
0.7452
0.7569
0.8303
0.7999
0.7657
1.1397
0.9736
0.9485
0.9112
0.9699
0.9568
0.9725
0.9964
0.8328
0.9644
0.9445
0.8290
0.8004
0.7484
0.7307
0.7573
0.9112
0.7927
0.9136
0.8532
0.7650
0.7632
0.7473
0.7826
0.8562
0.8474
0.8399
0.7257
0.7092
0.7335
0.7396
0.6974
0.8827
0.8334
0.9211
0.8710
0.8979
0.8701
0.8534
0.9291
0.8435
0.8161
0.7994
0.7919
0.7530
0.7561
0.7517
0.7534
0.9046
0.8237
0.8690
0.7956
0.7420
0.7758
0.7491
0.7498
1.0299
0.8618
1.0273
1.0219
0.9570
0.8739
0.7926
0.8327
0.9211
0.9532
0.9802
0.9361
0.7752
0.7661
0.7897
0.7829
0.9409
0.9770
0.9409
0.9452
0.8084
0.8256
0.8180
0.7848
0.7980
0.8194
0.8136
0.7285
0.9017
0.9435
0.8690
0.9225
0.8314
0.8648
0.8387
0.9399
0.9862
0.9455
0.9344
0.9631
0.8396
0.9137
0.8499
0.7892
0.8048
0.7428
0.8263
0.7102
0.9789
0.9462
0.9166
0.8595
0.9441
0.8514
0.8943
0.8286
0.7361
0.8347
0.8137
0.7739
0.9636
0.8188
0.8970
0.8819
0.8447
0.7762
0.7396
0.6320
0.7745
0.7744
0.7616
0.8299
0.7658
0.7773
0.8201
0.8062
0.8554
0.8136
0.7476
0.7802
0.8504
0.8020
0.7297
0.8056
0.9020
0.7924
0.8679
0.8244
0.8920
0.8710
0.8812
0.9112
