1.5404
2.6391
2.1401
Inf
2.3026
1.9459
1.9924
2.3979
1.7346
2.5649
1.6094
1.4663
1.7346
Inf
1.7492
1.6094
1.8718
1.8458
1.9459
1.2040
Inf
2.3026
1.6094
1.2730
1.0986
Inf
1.7047
Inf
1.6094
2.6391
Inf
2.3026
2.3979
1.7918
1.3863
2.0794
1.0116
Inf
2.0149
Inf
1.5041
2.0369
1.0986
0.9445
1.5041
Inf
1.7918
Inf
2.1972
2.5649
2.3026
Inf
1.2040
1.3863
2.3026
1.5686
1.9459
Inf
2.0149
Inf
2.3026
1.7047
Inf
2.0794
1.9459
1.4663
1.7918
Inf
1.6740
1.7492
2.3514
2.0149
Inf
1.9459
1.3218
1.8718
1.7492
Inf
2.1203
1.0609
2.7081
2.1972
1.3122
2.3979
Inf
1.2809
2.1972
1.9459
Inf
1.8458
1.6740
1.6094
Inf
1.5581
Inf
2.6391
Inf
1.8718
2.0794
2.3026
2.7081
Inf
2.3979
1.8718
1.2993
1.9459
Inf
Inf
Inf
2.0149
1.0986
1.0296
1.4469
0.8109
1.4663
1.3863
2.3514
2.6391
1.7047
2.0149
2.3026
Inf
1.9459
Inf
Inf
1.0986
1.7918
Inf
2.0149
1.4469
2.4849
3.0445
1.7047
2.4849
1.3863
2.5649
1.2993
0.5878
1.8718
1.2993
0.4925
1.9459
1.6094
1.9459
1.3863
1.7918
2.0794
1.9459
1.2993
2.5649
Inf
2.0794
1.3863
1.2993
Inf
1.1527
2.3979
1.7636
2.5649
1.4816
3.0445
2.3979
2.1972
2.3979
2.6391
2.3979
1.7047
2.0149
Inf
1.1350
1.3863
2.1972
1.3863
1.9459
2.4849
1.7047
1.3218
Inf
1.8718
2.1972
1.2040
Inf
Inf
2.6391
2.1972
2.7081
1.5041
2.7726
Inf
Inf
2.4849
2.7081
2.3979
Inf
2.0149
1.3863
2.1972
2.4849
2.1972
2.4849
2.8332
1.7346
2.6391
Inf
2.6391
Inf
2.0794
0.9163
2.1972
1.7047
1.2993
2.8332
Inf
1.6094
1.1632
2.0794
2.1972
1.5581
1.4351
1.8718
Inf
1.0986
1.6094
0.9985
1.9459
1.9459
1.9459
2.8332
1.8718
1.4663
2.3026
1.2528
1.8326
1.7918
2.4849
1.3350
1.9459
0.8650
0.9555
2.0149
2.3979
2.3026
1.8718
Inf
2.5649
Inf
2.8904
Inf
2.3979
1.5041
Inf
1.7918
1.2809
2.0794
2.1401
1.5686
2.3026
1.9459
1.5404
1.6740
1.2238
Inf
0.8873
1.7346
1.7047
1.7047
1.1632
1.8718
2.0149
2.0794
1.8458
2.7081
Inf
2.1401
2.1972
2.4849
2.0794
2.7081
1.7918
2.3026
2.4849
1.7047
1.3863
Inf
2.9444
1.9459
1.7047
1.7918
Inf
1.6582
2.3026
1.0986
2.3979
2.6391
1.5404
1.1350
0.9555
1.7047
1.2993
1.0986
Inf
1.3863
Inf
Inf
1.7918
1.9459
1.6740
1.8718
2.3979
2.1401
1.7346
1.2809
2.3026
1.3863
Inf
Inf
2.1972
Inf
2.1972
2.3979
2.4849
1.9459
Inf
2.3979
1.0986
1.4351
1.5755
Inf
1.9459
Inf
1.6094
1.6094
Inf
1.5686
1.6740
2.3026
1.9459
2.0794
2.3026
2.5649
1.9459
Inf
2.6391
1.3863
1.6094
2.3026
2.2513
Inf
1.2040
Inf
1.2993
Inf
2.7726
1.9459
2.3026
2.1972
1.1787
Inf
1.9095
2.0149
Inf
1.3863
1.7047
2.4849
1.7047
1.2993
2.2513
Inf
1.5041
1.4351
1.7047
1.2040
2.3979
2.3026
1.1787
Inf
1.8718
1.7918
2.5649
1.7047
1.6740
2.0149
1.5404
2.0794
2.4849
1.7047
Inf
1.3218
1.3863
1.1632
1.8718
2.4849
1.7047
1.3218
2.3979
2.5649
Inf
2.4849
Inf
1.6740
