1.4816
1.4351
1.7346
0.8473
2.0794
1.6740
0.9410
1.1486
1.6094
2.0794
1.6740
2.0794
1.3863
1.3863
1.5198
1.8971
1.0116
1.4351
1.5261
1.8718
1.9095
1.8718
2.2687
1.5041
1.0986
2.0794
2.0149
1.9459
1.7918
2.4849
1.7918
2.4849
1.3218
1.0296
1.6094
1.4351
1.0415
0.9295
1.4663
1.4759
1.4469
1.8718
1.4663
1.6094
0.8873
1.9459
1.3863
1.1787
1.2238
1.0415
1.8718
1.0986
1.4881
1.2528
1.2528
0.8362
2.5649
1.5404
1.4469
0.6008
2.3026
1.0609
1.7047
1.4469
1.3291
1.4663
1.2993
1.3437
1.7047
1.3218
1.4816
1.5581
1.0296
1.5581
1.5581
1.0986
0.9163
1.7047
1.3437
1.3350
0.9985
1.1527
2.3979
1.2040
2.0794
1.3437
0.9555
0.9808
1.1527
1.4816
1.5041
0.5596
1.0498
1.2993
1.6094
1.1896
1.5041
0.9383
1.3863
1.4351
1.1787
1.2993
1.1632
1.0561
1.1527
1.8718
1.3350
1.7918
1.0498
0.6286
1.7047
1.1787
2.0794
Inf
1.7047
1.3218
1.2809
1.7918
1.3863
1.1394
0.8329
0.8824
2.6391
2.0794
1.5581
1.2528
2.8332
1.4663
1.7918
1.5404
1.4351
1.8971
1.3863
1.6864
1.8718
1.6740
1.4351
1.2685
1.1632
1.4469
1.0986
1.6094
1.0361
1.4663
0.9445
1.0561
1.2040
1.0217
2.0794
1.6094
1.7346
1.1314
1.0415
1.6094
2.6391
1.7918
1.3863
0.8755
1.4469
1.2040
1.1527
1.1350
0.7621
1.0986
1.0561
1.2040
1.4663
1.5041
1.1787
0.8873
1.1896
1.6094
1.1285
1.1896
1.5261
1.7047
1.6094
2.0794
1.0561
1.6094
2.1401
1.1632
1.0217
1.4351
1.2040
2.0149
1.3218
1.1451
1.3437
1.3218
1.7346
1.2321
1.4351
2.3979
1.9924
1.2368
1.0986
1.6094
1.1451
1.0460
1.2879
1.1632
1.9459
2.0149
0.9555
0.7949
2.3979
2.7081
2.3979
1.1632
1.4469
1.4110
1.6487
2.5649
2.0149
1.3437
1.9459
1.0986
1.0986
0.6931
1.0986
1.0986
1.2685
0.8824
1.7047
1.0116
1.2730
1.5261
1.6740
2.6391
1.6487
0.8755
1.2040
1.2763
1.6094
1.3350
1.0296
2.0794
1.8971
1.6094
1.9459
1.5686
2.1972
1.0986
1.2993
1.2910
2.1595
1.3291
1.9459
1.2528
0.7259
1.2809
2.0149
1.0986
1.3350
0.6931
1.6582
1.3122
1.9810
1.5261
1.7918
1.3863
1.2993
1.4469
2.1203
1.6487
1.2528
0.9163
2.2513
1.3122
1.1451
1.0217
1.3863
1.0609
1.9459
0.7949
1.3218
1.0296
2.1401
1.0116
1.0986
0.7419
0.9163
1.5686
1.8718
1.9169
1.1896
1.4663
2.3026
2.7081
1.2993
1.0217
1.1896
1.0498
1.2238
0.9694
1.3863
1.2993
1.1787
1.2040
1.8718
0.9163
1.3863
1.3350
2.1972
1.2040
2.3026
1.0116
1.1787
2.1401
1.3863
2.4849
1.5261
0.9295
1.1350
1.2993
1.6740
1.3863
1.8718
1.3863
1.1527
2.0149
1.2321
1.4553
1.2368
2.0149
1.3499
1.3437
0.8109
1.4663
1.7346
1.0609
1.3218
0.9163
1.4663
1.6094
0.8210
2.1972
0.7309
2.4849
0.9985
2.9957
0.9651
1.6740
1.5581
1.4351
1.6740
1.2528
1.1896
1.5404
1.6376
1.5404
0.6931
1.7047
2.0149
1.3863
2.1972
1.0296
0.9445
0.7376
1.3863
1.5041
1.7492
1.8458
0.8755
1.7047
1.2321
1.6094
1.1527
0.9808
1.2879
0.8938
1.1939
1.8718
1.5041
1.6094
1.2993
1.0498
1.5404
1.7047
0.8824
1.4469
1.6917
1.0055
2.0794
1.7047
0.9985
1.4663
1.7346
1.9095
1.3291
2.4849
1.1632
1.6422
1.2417
2.6391
1.4759
1.1856
0.9651
1.5404
