1.8458
1.7750
1.9810
1.2238
1.7492
1.6094
1.5870
1.3683
2.0794
2.0149
1.9299
1.7101
1.9694
1.7492
2.3514
2.2513
1.9617
1.7918
1.9095
2.0015
1.5656
1.8608
1.5404
2.6626
1.6094
1.5339
1.7130
1.3715
1.8718
2.0794
1.7047
2.6027
1.7228
1.4939
1.9095
1.7677
1.2144
1.4271
1.9299
1.3257
1.9169
2.0244
1.9279
1.3437
1.4469
1.9859
1.9859
1.5315
2.3609
1.9279
1.7130
1.5041
1.9772
1.2459
1.9459
1.5735
1.1878
1.2595
1.3350
1.4469
1.6582
1.9459
3.0204
1.7430
1.4939
1.9253
2.0244
1.6692
1.4028
1.7579
2.8622
1.6946
1.6260
2.7726
1.4491
1.5724
1.4028
1.3683
1.6275
2.1972
2.3514
2.0584
1.8281
1.5163
1.6864
1.7918
1.7198
2.0281
1.9981
2.7515
1.7047
1.7047
2.0949
1.2784
1.5315
1.8563
1.8216
1.9636
1.3383
1.2321
1.9636
2.0584
1.9810
2.1812
1.6452
1.5656
1.6236
1.3715
1.8245
1.4553
2.1203
1.9924
2.1316
1.9042
2.3979
2.1203
1.9459
1.6740
1.7540
1.4854
1.9459
2.1282
1.8326
1.9459
2.0053
1.8803
1.9253
1.6625
1.9253
1.7346
1.3652
1.5892
1.6895
1.4307
2.3026
2.7726
1.6895
1.6740
1.5824
1.3564
1.5459
2.3609
1.7750
1.8124
1.9459
1.3249
2.0369
1.1963
1.7148
1.1394
2.2407
1.4816
2.0244
1.3863
1.7918
1.5215
1.6582
1.7918
1.5724
1.7918
1.9315
1.3350
2.0614
1.1701
2.3979
2.7726
1.6422
1.5782
1.6236
1.8458
1.4123
2.0794
1.2879
1.7047
1.4966
1.0647
1.1585
1.6358
1.0986
1.4881
1.5841
1.1213
1.5950
1.7304
1.2192
2.0794
1.9924
1.5041
2.5455
2.2246
1.5782
1.7117
1.7228
1.9279
2.0971
1.4854
1.3218
1.9661
1.9459
1.6946
1.8458
1.9661
1.7918
1.8971
1.4098
2.4510
1.6247
2.2824
1.7707
1.4633
1.6094
1.2150
1.6796
1.6487
1.4028
1.9253
2.1972
1.8827
1.9661
1.8458
1.8124
1.5622
1.9661
1.6397
2.2618
2.2513
1.8524
1.9694
1.6582
2.9704
1.5224
3.0204
1.3863
1.9741
2.7515
2.1041
2.4277
1.8608
1.8405
1.9095
1.9459
1.4881
1.9694
2.4849
1.9459
2.3749
1.8192
1.6625
1.3041
3.1987
2.5903
1.7346
1.6211
1.6514
2.1972
2.6150
1.5041
2.2773
1.8124
1.5581
2.5840
1.7707
1.9694
2.4423
1.8383
1.7492
1.6487
2.1041
1.3173
1.6314
1.4385
2.9444
2.2407
2.4204
2.4423
2.4423
2.1401
2.0244
2.8904
1.0234
2.1282
1.7540
1.5686
2.0015
2.1748
2.4567
2.1001
1.9810
1.4791
1.5126
2.0584
1.6582
2.3979
1.8827
1.9279
2.1518
1.9859
2.1282
1.5870
2.5649
2.0541
2.0794
2.0794
1.8458
2.0149
1.2287
3.5264
1.3398
1.6341
1.9042
1.8383
3.5553
2.2824
2.3671
1.7177
2.0614
1.6487
2.3749
1.6740
2.1401
1.7148
1.6625
1.7346
2.2246
1.7707
1.9459
1.9459
1.6740
1.3218
1.5870
2.2513
1.8383
1.3863
1.7346
1.4586
1.9459
1.7255
2.3418
1.9694
1.8101
2.3979
1.8192
2.4849
3.4340
2.8904
2.1785
2.0794
1.9617
2.1401
1.6895
2.6391
2.1972
1.8083
1.9741
1.4271
1.7677
2.4159
2.4567
2.6391
2.2336
2.1041
1.3743
1.7492
1.9218
2.3026
1.8971
1.7677
2.0369
1.9169
1.7452
1.6094
2.5123
1.8563
1.6094
1.5911
2.3514
1.2595
1.7228
1.8405
1.5612
1.9859
1.1119
1.7579
1.6094
1.6796
2.7515
1.3695
1.4018
1.8971
2.6150
1.9459
2.0541
2.8332
2.1972
2.1401
2.5649
1.3766
1.5724
1.3218
1.2603
