0.4916
0.4364
0.5202
0.4547
0.4326
0.4149
0.5151
0.4148
0.5114
0.5624
0.6157
0.5445
0.5743
0.5641
0.5307
0.5316
0.8218
0.7973
0.8103
0.7055
0.4121
0.4491
0.4996
0.3800
0.4673
0.5207
0.3911
0.4617
0.5913
0.4676
0.4932
0.5187
0.5403
0.5159
0.5238
0.5857
0.5286
0.5102
0.4989
0.5611
0.4452
0.6684
0.6360
0.6322
0.4225
0.4348
0.4239
0.3984
0.4175
0.5332
0.3510
0.5136
0.6044
0.5345
0.5757
0.6398
0.7150
0.6837
0.7841
0.8024
0.3403
0.4439
0.4384
0.4765
0.7342
0.7451
0.7909
0.9019
0.5679
0.5119
0.6380
0.4830
0.4807
0.4505
0.4925
0.4862
0.5838
0.6407
0.4750
0.6244
0.4004
0.4511
0.4890
0.3885
0.5046
0.4698
0.4240
0.4852
0.5475
0.5822
0.6305
0.7395
0.5704
0.5994
0.5525
0.5192
0.5280
0.5681
0.4843
0.5318
0.5845
0.4655
0.5309
0.4859
0.5570
0.5364
0.5357
0.6064
0.5425
0.7625
0.6640
0.6692
0.4333
0.4779
0.4195
0.4786
0.4757
0.4854
0.4194
0.4458
0.5262
0.5565
0.5128
0.5101
0.5198
0.4550
0.5160
0.5744
0.4003
0.3738
0.4078
0.4413
0.3090
0.3114
0.4802
0.3949
0.5255
0.5580
0.5203
0.5383
0.4030
0.3271
0.3753
0.4164
0.4337
0.5074
0.4611
0.4377
0.6070
0.5365
0.4889
0.5638
0.6323
0.5585
0.6533
0.6336
0.4419
0.4600
0.5034
0.4285
0.4332
0.6183
0.6350
0.7194
0.5293
0.5836
0.5108
0.5210
0.6216
0.5144
0.5879
0.6174
0.5535
0.4687
0.4561
0.5816
0.5616
0.4827
0.4806
0.4420
0.4924
0.5776
0.5466
0.6433
0.5377
0.5146
0.5135
0.6385
0.8605
0.8667
0.8700
0.8719
0.5775
0.5762
0.5625
0.6141
0.6660
0.7535
0.8440
0.8550
0.4260
0.4484
0.4439
0.4092
0.9203
0.9062
0.8397
0.9421
0.4878
0.4213
0.5217
0.4477
0.3602
0.4874
0.3325
0.4733
0.5447
0.5998
0.4400
0.5936
0.6732
0.7579
0.8417
0.7394
0.5755
0.6577
0.6955
0.7050
0.3654
0.3601
0.3802
0.3973
0.6835
0.6072
0.6564
0.6895
0.4540
0.5009
0.4105
0.4274
0.6586
0.5708
0.6935
0.5472
0.6631
0.5425
0.6431
0.6116
0.5544
0.6452
0.5765
0.6065
0.5217
0.4467
0.4406
0.4194
0.3773
0.4622
0.4556
0.4796
0.3318
0.2848
0.3659
0.3694
0.5631
0.6727
0.5696
0.6262
0.7339
0.6522
0.8461
0.7623
0.5403
0.5395
0.4503
0.5501
0.5180
0.5915
0.5002
0.5246
0.4875
0.5419
0.4995
0.6271
0.5134
0.4439
0.5673
0.4725
0.5609
0.5367
0.5008
0.5821
0.5945
0.5953
0.5826
0.6031
0.5239
0.5155
0.6519
0.5308
0.5564
0.5238
0.4956
0.5173
0.8997
0.8789
0.8292
0.8934
0.5689
0.5793
0.5518
0.7680
0.5202
0.6513
0.6267
0.5664
0.8004
0.6419
0.8925
0.9599
0.4777
0.5608
0.5470
0.6077
0.5728
0.6272
0.5371
0.6245
0.6649
0.6068
0.6688
0.6746
0.5049
0.6414
0.4897
0.5593
0.8368
0.7652
0.8154
0.7936
0.6217
0.6340
0.5955
0.6194
0.5362
0.5194
0.4421
0.4916
0.5832
0.5694
0.5300
0.5913
0.2922
0.2737
0.3652
0.3962
0.4996
0.6335
0.6190
0.6287
0.7334
0.7124
0.7552
0.7877
0.7059
0.7631
0.8832
0.8289
0.6153
0.5031
0.5336
0.5212
0.5229
0.5747
0.6453
0.5267
0.3631
0.3751
0.4849
0.4271
0.7449
0.7538
0.8126
0.9161
0.4826
0.6251
0.6817
0.6923
0.6812
0.6399
0.6619
0.6583
0.3057
0.2979
0.4771
0.3723
0.4667
0.4815
0.4206
0.4640
