1.8871
1.3991
1.6924
1.6695
1.6062
1.6958
1.6233
1.4988
2.1253
1.8954
1.9079
1.6388
1.8101
1.5911
1.6196
1.8390
2.1401
1.6460
1.7971
2.4960
1.5291
1.5186
1.8222
1.6607
1.3695
1.5797
2.1595
1.5635
1.5719
1.8192
2.0675
2.1484
1.8281
1.8073
1.6441
1.5305
1.6207
1.8145
2.2031
1.9987
1.6753
1.6422
1.9966
1.9661
1.6807
1.6725
1.8718
1.2780
1.6552
1.8112
1.8827
1.5387
1.8443
1.7871
2.0737
1.4316
1.8207
2.2773
1.6826
2.0744
1.3703
1.8621
1.4042
1.5805
2.0402
1.9191
1.9233
1.7600
1.8265
1.6968
1.8506
2.0281
1.6094
1.9271
2.0174
2.0541
1.4718
1.5191
1.9188
1.7311
1.4553
2.0407
1.3203
1.5664
1.7168
1.7816
1.5021
1.6723
1.9730
1.8625
1.9825
1.6997
1.8255
1.8627
2.0849
1.7918
1.4729
1.9228
1.8184
2.1373
2.0694
1.6892
1.9752
1.6781
1.8444
1.8810
1.5571
2.0685
1.8670
2.1785
2.0907
1.7862
2.0519
1.9512
1.9783
1.7279
1.6009
1.6643
1.7492
1.6094
1.8593
1.6147
1.7121
1.5882
1.9002
2.0907
2.0553
1.7444
1.9360
1.8827
1.7590
1.4765
1.5533
1.1299
1.4586
1.5625
2.1401
1.8745
1.9408
1.5950
1.8299
1.9191
1.7965
1.8362
1.6454
1.9267
1.7047
1.3665
2.2848
1.6991
1.8777
1.8400
2.0675
1.6514
1.9095
1.8367
1.9908
1.9237
1.8850
1.5243
1.8989
1.5986
2.1203
1.7590
1.8517
1.9623
1.6358
1.8201
2.1324
2.1075
1.9095
1.5847
1.7377
1.7279
1.5644
1.5513
2.0502
1.6510
1.9505
1.8478
1.7971
1.8167
1.9015
1.8458
1.6740
1.7272
1.8078
1.7201
1.9617
2.1665
1.6723
2.2380
1.5929
1.6422
1.6478
1.5958
1.6094
1.6247
1.6756
1.6275
1.7380
1.6872
1.7693
1.2225
2.3857
1.8954
1.7558
1.9071
1.4038
1.4678
1.8880
1.3935
1.5310
1.8552
1.5041
1.5896
1.7292
1.8312
1.6946
1.7297
1.9752
1.9010
1.8153
2.0519
1.7918
1.6663
2.0531
2.2756
1.2166
1.8571
1.7636
1.4234
1.8444
2.0551
1.8207
2.0329
1.6563
1.5996
1.8458
1.1762
1.8410
2.0302
2.0314
1.5996
1.7111
1.7744
1.4875
1.8888
1.7346
2.0490
1.7177
1.8489
1.7720
1.6677
1.5297
2.0260
1.4911
2.1826
1.7207
1.6129
1.5212
1.8502
1.9867
1.7610
2.0069
1.8153
1.9568
1.7918
1.9652
1.9042
1.8511
1.7476
2.0352
1.5433
1.8632
2.0949
1.6319
1.9051
1.6133
1.7066
1.8696
1.9344
1.6005
1.8439
1.8028
2.0584
2.2138
1.7194
1.8007
2.2037
1.8563
1.7047
1.6756
1.5824
1.9110
2.2246
1.4680
1.5520
1.9798
1.5369
1.7024
2.0122
1.8235
1.7386
1.7918
1.8718
1.9057
2.1282
2.1722
1.5480
1.6529
1.8175
1.8880
1.9889
1.7600
1.9720
2.2407
1.9082
2.1245
1.8032
1.8952
2.0622
1.7973
2.2721
1.6045
1.7865
2.0088
1.8773
1.8269
1.8032
1.4737
1.8575
1.9120
1.9357
1.7301
1.6267
2.3734
1.8827
1.6035
1.8414
1.9151
1.9510
1.4663
1.7388
1.7024
1.8010
1.6910
1.6835
1.9924
1.7024
1.6255
2.5470
1.6594
1.7492
1.7438
1.8615
1.4988
1.9867
2.0637
1.8225
2.0329
1.7452
1.8383
1.7918
2.0062
1.9629
1.8496
1.9617
1.9669
1.7277
1.8608
1.8956
1.5939
1.6196
1.6529
1.6191
2.1812
1.9989
1.6147
2.0088
1.9823
1.8935
1.9752
1.9810
1.7755
1.7284
1.7968
1.7297
1.5080
1.8476
1.9661
1.6818
1.6723
1.6942
1.7284
1.7395
1.7190
1.7918
2.1316
1.5251
