1.6841
1.6922
1.6235
1.3626
1.3978
1.4255
1.7931
1.5102
1.5955
1.5653
1.6572
1.5828
1.6143
1.7479
1.6736
1.7151
1.5738
1.5548
1.5059
1.7574
1.0151
1.5264
1.4149
1.4317
1.5022
1.7167
1.6864
1.7545
1.7813
1.7152
1.7141
1.8153
1.6200
1.6775
1.6343
1.7486
1.6508
1.6272
1.4913
1.4996
1.6818
1.5834
1.6835
1.8269
1.7266
1.7651
1.7137
1.3080
1.7147
1.6769
1.3900
1.7248
1.5150
1.5445
1.5711
1.6084
1.7378
1.7274
1.6987
1.6674
1.7116
1.6367
1.6244
1.7602
1.7985
1.7394
1.5642
1.7241
1.7707
1.6319
1.6791
1.8984
1.6758
1.6769
1.8408
1.8316
1.7661
1.7269
1.8368
1.7890
1.5791
1.7652
1.6304
1.5663
1.5468
1.6244
1.5297
1.5757
1.5809
1.6803
1.8170
1.6877
1.8048
1.7579
1.6723
1.7397
1.8512
1.7433
1.7566
1.6223
1.8067
1.8054
1.6839
1.7728
1.8558
1.6168
1.7557
1.6094
1.8177
1.9708
1.8136
1.6941
1.7177
1.7322
1.9524
1.7437
1.8335
1.7652
1.7836
1.8240
1.6850
1.7145
1.7827
1.6902
1.8199
1.6673
1.5571
1.7077
1.6398
1.7149
1.6793
1.6748
1.3943
1.5747
1.7399
1.6063
1.7237
1.9651
1.7483
1.6778
1.7719
1.8253
1.5975
1.6014
1.4542
1.6649
1.5789
1.1195
1.6463
1.5792
1.6228
1.6304
1.6878
1.6791
1.5163
1.7813
1.6545
1.7518
1.6834
1.7014
1.8140
1.9129
1.5684
1.9349
1.7007
1.7854
1.7695
1.7644
1.7145
1.6698
1.7165
1.6678
1.9360
1.5974
1.5141
1.7241
1.6598
1.6142
1.6519
1.5935
1.8278
1.9540
1.8657
1.7111
1.5995
1.5509
1.5608
1.6846
1.5596
1.4900
1.7089
1.6829
1.5731
1.6223
1.5904
1.4622
1.8990
1.8018
1.7256
1.6615
1.5884
1.6444
1.6245
1.2238
1.6387
1.6898
1.7220
1.8458
1.5498
1.6925
1.7776
1.3826
1.4950
1.6482
1.5969
1.6580
1.7289
1.7351
1.7363
1.6261
1.9074
1.6083
1.7764
1.6818
1.9626
1.9472
1.8186
1.6979
1.6065
1.4734
1.5703
1.3760
1.6884
1.8521
1.7625
1.7984
1.5368
1.7857
1.6361
0.8578
1.7054
1.7377
1.6206
1.6464
1.7790
1.7974
1.6630
1.6245
1.8023
1.6061
1.7694
1.5322
1.6708
1.5811
1.7010
1.7433
1.4639
1.6144
1.7248
1.5090
2.0055
1.5832
1.7557
1.7180
1.7135
1.6771
1.7576
1.8091
1.7513
1.7879
1.6517
1.7232
1.6376
1.5236
1.6071
1.6873
1.6564
1.5334
1.6930
1.5334
1.5469
1.5322
1.5236
1.5916
1.5190
1.8359
1.6579
1.5298
1.6740
1.6754
1.6684
1.6154
1.7106
1.7471
1.8139
1.7605
1.9056
1.7028
1.7252
1.7710
1.6431
1.6604
1.7129
1.7186
1.7486
1.6695
2.0555
1.7684
1.4674
1.6191
1.6493
1.5346
1.7979
1.6442
1.6367
1.5957
1.8329
1.8319
1.5675
1.6436
1.7678
1.7151
1.6631
1.6998
1.7003
1.7671
1.6677
1.6148
1.7283
1.8491
1.6643
1.6315
1.8011
1.6679
1.7053
1.4328
1.8224
1.6094
1.6134
1.7016
1.6218
1.6632
1.5100
1.5267
1.8069
1.6766
1.8042
1.6015
1.6415
1.6278
1.6964
1.6582
1.5181
1.6354
1.7378
1.7207
1.7099
1.7790
1.8560
1.6819
1.7201
1.4743
1.7428
1.7606
1.8305
1.7261
1.6670
1.8251
1.8403
1.8130
1.6458
1.8189
1.5370
1.5532
1.5346
1.5965
1.6292
1.6622
1.7525
1.7269
1.8172
1.7139
1.6402
1.5624
1.7035
1.6525
1.7716
1.6699
1.5513
1.6209
1.5818
1.8159
1.8088
1.5531
1.6514
1.6964
1.7012
1.6795
1.8876
1.8137
