1.6917
1.7325
1.7615
1.8075
0.7832
0.6765
0.7993
0.6856
1.1694
1.0820
1.0528
1.3026
1.6347
1.6881
1.4312
1.7770
0.7623
0.7619
1.1036
1.0528
1.7083
1.8095
1.9568
1.6094
1.6821
1.8119
1.7279
1.7576
1.1977
0.8800
1.1441
0.9628
0.1814
0.4017
0.2073
0.3597
0.9012
0.5731
0.8469
0.7510
1.3973
1.5453
1.4506
1.4587
1.4153
1.4148
1.4367
1.7409
1.6104
1.5898
1.6298
1.6343
1.7130
1.6646
1.6905
1.6708
1.5587
1.7358
1.8124
1.6199
1.6428
1.5695
1.7355
1.8196
1.8395
1.7251
1.7724
1.6541
1.5566
1.6973
1.7346
1.6391
1.5690
1.7827
1.5920
1.1814
1.3874
1.6793
1.6225
1.6751
0.9160
0.7204
0.6389
0.7169
1.3575
1.3782
1.3807
1.3168
1.7492
1.7662
1.8309
1.5521
1.6778
1.7020
1.6201
1.6848
1.7066
1.7206
1.7576
1.5985
1.5082
1.6966
1.4738
1.5882
1.6910
1.7560
1.7310
1.8226
1.5036
1.3144
1.4690
1.4759
1.0330
0.8504
1.0031
1.2872
0.5597
0.8897
0.8616
0.5574
0.7239
0.5969
1.0172
1.0827
1.1730
0.9945
1.3130
0.8126
1.7716
1.4073
1.5279
1.5530
1.7099
1.7195
1.7059
1.8358
1.9501
1.9638
1.6884
1.7617
1.7346
1.6906
1.6369
1.5754
1.6594
1.4684
1.5502
1.7891
1.6757
1.4361
1.3348
1.4440
1.5437
1.6293
1.6689
1.5332
1.5057
1.5450
1.5635
1.7242
1.6150
1.0085
1.5021
1.0840
1.5270
1.5875
1.6117
1.5532
1.6083
1.8348
1.8293
1.5519
1.3487
1.3140
1.5330
1.4858
1.7380
1.6175
1.7246
1.7180
1.7649
1.8736
1.7330
1.7918
1.5938
1.6162
1.6665
1.8990
1.7623
1.6328
1.8863
1.7290
1.0068
1.5950
1.3450
1.5421
1.5315
1.5935
1.5233
1.4947
1.2809
1.0517
1.1064
1.2014
1.6495
1.6346
1.3056
1.6536
1.5294
1.6368
1.6755
1.6669
1.5989
1.7851
1.8229
1.6313
1.0965
1.0460
1.1684
1.1167
1.0513
1.5393
1.4314
1.3597
1.4387
1.4578
1.5101
1.6630
1.8071
1.9145
1.8674
1.8568
1.5868
1.7000
1.5976
1.7470
0.9685
0.6199
0.7683
0.5836
0.7908
0.5750
0.9438
0.9693
1.6501
1.5544
1.7018
1.6546
1.4840
0.9451
1.2094
1.1651
1.0834
0.5517
0.8912
1.1776
1.8204
1.6023
1.5358
1.5819
1.3177
1.5718
1.6158
1.4841
1.7464
1.6605
1.7319
1.6381
1.6687
1.6794
1.6719
1.5671
1.6814
1.6819
1.6636
1.6475
0.5552
0.6390
0.4730
0.6212
1.5371
1.6946
1.5448
1.5014
1.3321
1.6994
1.6514
1.6658
1.4509
1.0037
1.1916
1.1093
1.6732
1.5759
1.5473
1.7298
1.8220
1.5297
1.8205
1.7505
0.3448
0.3797
0.1908
0.2901
1.6908
1.5432
1.5602
1.6501
1.7552
1.8138
1.8053
1.6884
1.8547
1.5755
1.7066
1.7918
1.6744
1.4758
1.4841
1.8283
1.5975
1.7180
1.7742
1.7623
1.4739
1.5926
1.6487
1.3863
1.7602
1.6366
1.7450
1.6420
1.4835
1.5797
1.5404
1.1425
1.6744
1.7000
1.8014
1.7717
1.2060
1.1976
0.7761
0.9798
1.5046
1.7410
1.5431
1.6920
1.5834
1.7438
1.6043
1.5663
1.5408
1.3806
1.5516
1.6034
1.5348
1.3529
1.5852
1.4851
1.6913
1.7358
1.5121
1.7296
1.0718
1.2159
1.3173
0.8873
1.6470
1.5691
1.8431
1.6178
1.1541
1.3905
1.4271
1.3602
1.7671
1.6365
1.6744
1.6939
1.5827
1.3660
1.6835
1.6171
1.5543
1.6239
1.5438
1.6791
1.2265
1.2524
1.2945
1.1137
1.7298
1.6994
1.5777
1.6990
1.7024
1.7470
1.8223
1.7890
