1.6619
1.8192
2.0423
1.6987
0.6258
0.6998
0.8685
0.6697
1.1499
1.4146
1.3775
1.4750
1.7047
1.9629
1.8524
1.6657
1.3384
1.2539
1.2001
1.8383
1.9042
1.7750
1.7457
2.1554
1.8310
1.6267
1.8276
2.0732
0.8102
0.9484
1.0791
0.7873
0.2038
0.2645
0.2021
0.5375
0.8687
0.4899
0.7165
0.6357
1.3194
1.6280
1.5181
1.3956
1.5686
1.5485
1.8554
1.8696
1.9260
1.5960
1.6460
1.7868
1.7918
2.0851
1.6984
1.8608
1.6283
1.9564
1.4541
1.8827
1.4729
1.6771
2.0053
1.9082
1.6243
1.3499
1.6094
1.6946
1.6905
1.9830
1.4496
1.5629
1.6740
1.2979
1.6211
0.9843
1.6247
1.4864
1.6582
1.7540
1.3698
0.9091
0.9860
0.8304
1.3764
1.6582
1.7630
1.5591
2.0992
1.6388
1.5517
1.9617
1.8511
1.5556
1.8352
1.8101
1.6824
1.8608
1.9108
1.9741
1.5079
1.7237
1.9212
1.5083
2.0794
2.0307
1.7819
2.1220
1.8048
2.1972
1.5404
1.7798
0.7654
0.5700
0.8428
1.3111
0.4926
0.5115
0.7006
0.7536
1.3299
1.0947
1.3833
1.5204
1.6526
1.5362
1.3082
1.4578
1.3775
1.4784
1.5315
1.6572
1.6199
1.6140
1.7460
1.7560
1.2958
1.7693
1.6510
1.3507
1.6487
1.8929
1.7829
1.5459
2.0229
2.0417
1.7870
1.7671
1.7006
1.9459
1.4851
1.3832
1.6227
1.7515
1.7865
1.9404
2.3671
1.8096
1.8814
1.5106
1.6403
0.9951
1.2260
1.0732
1.8238
2.0794
1.7218
1.6886
1.8235
1.7117
1.4613
1.6094
1.5911
1.5181
1.5320
1.5548
1.6308
1.9459
1.7405
1.7288
1.9027
1.8118
1.8971
1.5446
1.7570
1.8638
2.0281
1.9741
2.1595
1.5439
1.6496
1.8687
1.4763
1.4214
1.7333
1.6661
1.4334
1.7047
1.8987
1.8245
1.3181
1.4506
1.3168
1.4674
1.7492
1.6448
1.4231
1.6332
1.5785
1.9049
2.1432
1.7813
1.6633
1.6754
1.6727
1.8441
1.3863
1.3557
1.3910
1.4075
1.3917
1.5023
1.6376
1.8153
1.7047
1.7525
2.1373
1.5939
1.8954
1.6546
1.5173
1.8201
1.5404
1.7809
1.7792
1.9095
1.4305
0.8852
1.0440
0.7156
1.0647
0.8229
1.7712
1.1782
1.8621
1.8820
1.8245
1.9095
1.2473
1.0690
1.4171
1.0069
1.4165
1.1310
1.3881
1.3561
2.4567
2.0541
1.5499
1.8015
1.6898
1.7778
1.6336
1.8763
1.3983
2.0027
1.7068
1.9617
1.7255
2.1633
1.6189
1.6781
1.9796
1.7072
1.5204
1.9410
0.8809
0.8608
0.7842
0.9347
2.2420
1.8621
1.7579
1.6594
1.2716
1.7071
1.9705
1.7272
1.4955
1.5838
1.5041
1.5211
1.7279
1.6288
1.8827
1.6297
1.4838
1.6314
1.9720
1.9865
0.2676
0.3152
0.3084
0.5585
1.7963
1.9994
1.6546
1.7610
1.5735
1.5846
1.7272
2.0407
1.8506
2.1804
1.8935
1.8326
2.2485
1.7822
1.6951
1.6715
1.9459
1.6709
1.7600
1.7262
1.5919
1.5821
1.5172
1.7218
1.6709
2.0898
2.1612
2.0448
1.4127
1.4438
1.4333
1.5466
1.7558
2.3143
1.7628
1.8383
1.3690
1.1177
1.3360
1.0654
1.5261
1.8585
1.6416
1.4460
1.9975
1.8118
1.7492
1.5960
1.7441
1.3584
1.9410
1.7725
2.1223
1.6267
1.3015
1.4857
1.7545
1.8339
1.9577
1.7999
1.1144
0.9041
1.1285
1.0533
1.8861
2.0565
2.1432
2.0913
1.3979
1.4186
1.8140
1.5261
2.1820
1.9002
2.1910
1.9349
1.8207
1.3552
1.7238
1.6946
1.7399
1.7825
1.6546
1.8443
1.7112
1.2706
1.2343
1.0733
1.7760
1.9169
1.8673
1.8929
2.4681
1.8162
1.6525
1.9286
