0.5616
0.5999
0.4194
0.7598
1.0575
0.8057
1.0422
0.9667
0.4599
0.7141
0.5030
0.8179
1.3072
1.3032
1.4064
1.3672
0.8988
0.9122
1.2485
0.9530
1.3972
1.3536
1.1827
1.1903
0.1922
0.1950
0.1077
0.0871
1.1406
1.2388
1.4207
1.1458
1.4530
1.5437
1.5018
1.4933
0.5569
0.5016
0.6095
0.6857
0.8627
0.8962
0.6968
0.8857
0.9537
0.8884
0.5547
0.6309
1.1084
0.9496
0.9039
1.2452
0.7834
0.7727
0.9109
0.5254
0.6462
0.4163
0.6404
0.4433
0.7404
0.6231
0.6053
0.7323
0.7253
0.6454
1.0986
1.0703
0.4927
0.3663
0.3921
0.5756
1.0684
0.9878
0.9383
1.1328
1.0305
1.4928
1.1339
1.1161
0.9753
0.6549
0.4935
0.2711
0.8803
0.5319
0.6002
0.3295
0.8976
0.5361
0.6103
0.2940
1.2790
1.1010
1.4523
1.3218
0.6529
0.5978
0.5696
0.3030
1.3884
1.3000
1.4053
1.4289
1.1110
1.1852
1.0829
1.2481
1.2653
1.1362
1.2460
1.3863
0.6273
0.3653
0.3896
0.1926
0.8613
1.0453
0.8020
0.6831
1.3299
1.0319
0.8089
0.8299
0.4686
0.5845
0.6352
0.3353
1.2212
1.3863
1.4420
1.1350
0.9145
1.1697
0.9118
1.0293
0.9473
1.0784
0.9674
1.1704
1.3184
1.4460
1.1112
1.1510
0.5204
0.5636
0.3970
0.6258
0.5781
0.3014
0.5169
0.4246
1.2021
1.3705
1.5326
1.2500
0.5303
0.3085
0.4114
0.1941
0.6253
0.4818
0.6107
0.3017
1.1968
1.4208
1.3619
1.3313
1.6850
1.4879
1.4897
1.3584
1.4246
1.1618
1.2663
1.5166
0.2342
0.2760
0.2575
0.2091
1.3126
1.2186
1.2151
1.1713
0.4771
0.4374
0.5789
0.5980
1.3789
1.4486
1.3439
1.4386
0.6623
0.8221
0.7820
0.6910
1.4499
1.3423
1.2435
1.1182
0.9268
0.4290
0.5508
0.3177
0.6686
0.9184
0.6288
1.0303
0.5625
0.5432
0.4591
0.3544
1.0628
1.4015
1.2664
1.2553
1.4994
1.5793
1.1838
1.3630
0.5554
0.3502
0.3887
0.2284
1.3058
1.3792
1.3293
1.3138
0.9693
1.1232
1.0308
1.3533
1.1210
1.0588
1.1487
1.2676
0.3416
0.3084
0.3453
0.2826
1.0687
1.2049
1.4087
1.0846
1.0469
0.7689
1.2438
1.2098
1.2388
1.5285
1.1371
1.0976
0.7608
0.7692
1.1461
0.9567
0.8833
0.8054
0.7739
0.3808
1.1606
1.1373
1.1264
0.8721
1.1044
1.0209
1.2425
0.9680
0.7038
0.7280
0.7729
0.6556
0.4501
0.3561
0.5464
0.3528
1.6094
1.4444
1.3555
1.4927
0.9536
0.5881
0.6143
0.4620
1.0163
1.1626
1.2769
1.3538
1.3382
1.0681
1.3901
1.2871
0.7196
0.4874
0.5152
0.4026
1.2239
1.6054
1.2645
1.2068
0.4981
0.6571
0.4773
0.6327
0.7188
0.9621
1.3266
1.2606
0.9640
0.5496
0.5641
0.2491
0.7607
0.8390
1.0649
0.7526
1.0648
1.0878
1.0211
1.0364
0.8398
0.7511
0.5631
0.4429
1.0440
0.9644
1.4279
1.6209
1.2623
1.5359
1.5351
1.3721
0.4283
0.2764
0.1805
0.1294
0.5333
0.5096
0.6594
0.8035
1.0522
1.2750
1.1676
1.0205
1.1361
1.2943
1.2679
1.0249
1.2266
1.5182
1.1471
1.2001
0.6619
0.2533
0.4340
0.2100
1.3238
1.5305
1.3248
1.4690
1.3187
0.8964
0.5568
0.5395
0.9436
1.2361
0.9554
1.3009
0.4822
0.3796
0.3715
0.2845
1.4548
1.3346
1.2388
1.4333
1.2268
1.4056
1.3002
1.2363
1.2881
1.4293
1.3052
1.1495
0.9144
0.7878
0.8806
0.8581
1.2397
1.3369
1.4353
1.3699
1.1142
0.6525
0.6462
0.6476
1.3135
1.3684
1.4575
1.4252
