2.3026
1.0986
1.1394
1.3863
1.4816
1.1701
2.1401
1.3350
2.0369
1.3863
1.6582
1.2730
0.8473
1.3398
1.0986
2.0794
1.4816
1.1527
1.8458
1.6094
1.0986
2.3514
1.6094
1.8718
0.8938
0.9808
1.3218
1.3499
0.1952
1.1716
1.7918
0.7550
1.1676
0.6425
0.4033
1.7918
0.6061
1.6094
1.0678
1.8971
1.2763
0.9057
1.5581
2.1401
1.5163
3.1355
0.9676
2.7081
0.5557
0.2829
0.5508
0.1829
1.8971
1.6740
1.5686
0.8755
1.6094
1.0116
1.3863
0.6931
0.9163
1.4271
1.2040
1.2730
1.2130
0.8961
1.7918
1.4663
1.2809
1.8971
1.0498
1.7918
1.1856
1.5198
0.9102
1.4759
1.0809
0.7012
0.5380
1.2321
1.9459
1.3863
1.0116
1.3863
1.3218
1.0986
2.0794
0.9598
1.7047
1.6818
0.8473
0.8232
1.7918
2.1595
1.0460
1.1632
0.7673
1.0498
1.3863
1.0647
1.7228
1.2040
1.1977
1.5841
1.1170
1.3157
1.1787
1.2809
1.9459
1.3863
1.1151
1.5404
0.8650
0.8473
1.1787
1.0986
1.3863
1.3863
1.0986
1.8718
1.0014
0.6236
0.8650
1.2164
1.7492
1.3350
1.6094
1.7346
1.9459
1.2164
1.1575
1.3350
1.6582
1.3218
0.9555
1.5404
1.2368
1.0809
1.7918
1.6094
1.4663
0.9163
1.1451
1.2238
1.7346
1.2238
1.5686
1.4271
1.8326
1.1939
1.4469
1.7047
1.7677
1.1314
1.2528
1.9459
0.5978
1.3437
1.6582
0.9445
1.2879
1.5581
1.8718
1.2238
0.3290
0.8690
1.8718
1.3122
1.1451
1.6864
1.3863
0.7538
1.5581
0.9466
1.3063
0.9163
1.4271
0.9808
0.8824
1.0986
1.0186
2.3026
0.9232
1.6422
1.3063
1.8458
1.1727
1.7228
0.7641
1.5041
0.9719
1.1787
1.5041
1.5404
1.7918
1.2164
1.4586
0.7634
0.7463
0.9904
1.4271
1.3545
0.8473
1.6094
1.3610
1.3350
1.6094
1.5261
0.9933
0.9808
0.9808
1.6094
1.1180
0.7813
0.4629
2.8904
1.2040
1.6740
1.1527
1.4271
1.2397
1.4663
1.0561
1.5404
0.8718
0.6629
1.2528
1.8458
1.8971
0.9754
0.8473
0.7985
1.8326
1.7918
1.1239
1.6864
1.5404
1.2528
2.0149
1.2528
1.1676
1.0561
1.0152
1.2368
1.4469
1.9459
1.5041
1.5041
0.9163
1.4171
1.4110
1.0986
1.3122
2.0794
1.0341
0.9808
1.9459
1.3063
1.2040
1.2879
1.5686
1.5041
1.6094
1.6582
0.9057
1.3863
1.5041
1.3437
1.0186
0.7655
1.9459
1.8971
1.4469
1.5581
1.0986
0.8650
1.3122
0.7527
0.9719
1.0678
2.2513
1.0986
0.7538
1.4469
0.7634
1.2368
0.8051
1.7636
1.3350
1.2528
0.9555
1.0986
1.3437
1.1787
1.3863
2.1972
1.3863
1.1787
0.8961
1.2040
1.2528
1.1701
1.5404
0.9598
2.0794
0.9163
1.1527
1.5041
1.9810
2.4849
1.5041
1.6740
0.9295
0.3096
0.9491
1.2238
0.4130
0.4472
1.1527
1.3863
0.8938
1.2528
1.0561
1.6094
0.6232
0.7172
1.3633
1.3350
1.4271
2.3026
1.2111
1.2287
1.2528
0.8473
1.3863
1.1896
1.9924
1.8971
1.4816
1.4816
1.9459
1.3545
1.3218
1.0116
1.7918
1.2238
1.4553
1.1787
0.8938
1.1394
0.8668
1.4816
1.0986
1.5261
1.7918
0.8938
2.3026
1.5640
1.5404
0.9933
1.0761
2.5649
2.3026
1.2993
1.4663
1.9459
1.3122
1.2685
1.0986
1.0116
0.9445
1.4663
0.4935
0.9008
1.8458
1.0986
0.3517
0.6861
1.2111
1.2238
1.7918
1.5041
1.8458
0.6360
0.7523
0.4100
0.6391
0.4128
0.1262
0.8925
2.1401
1.6094
1.1527
1.9459
1.1787
1.7430
0.9808
1.5686
0.8444
1.0846
