0.3711
0.3892
0.2959
0.3810
0.5938
0.4707
0.6661
0.6675
0.4581
0.4999
0.4947
0.5114
0.4377
0.4907
0.4910
0.4441
0.3616
0.3449
0.4576
0.4922
0.5381
0.5588
0.4789
0.4992
0.1822
0.1880
0.1752
0.1421
0.2191
0.2987
0.2825
0.2316
0.5360
0.5314
0.5410
0.4813
0.4387
0.3894
0.4141
0.4996
0.4428
0.4488
0.4308
0.4804
0.2964
0.2999
0.1482
0.1899
0.2801
0.2737
0.2278
0.2963
0.3610
0.4404
0.5556
0.4372
0.4122
0.2957
0.3353
0.2159
0.2581
0.2774
0.2106
0.1942
0.5233
0.5239
0.7034
0.6805
0.3608
0.2303
0.2482
0.2222
0.3707
0.3742
0.3042
0.3756
0.5097
0.4503
0.3601
0.5062
0.3460
0.3421
0.3099
0.2621
0.3775
0.4113
0.4398
0.2082
0.4308
0.4265
0.4482
0.1981
0.6238
0.5789
0.6447
0.6458
0.3685
0.3601
0.2848
0.1643
0.3701
0.3759
0.4231
0.4011
0.5905
0.6422
0.5856
0.6606
0.4648
0.4524
0.4694
0.5723
0.3993
0.2466
0.3866
0.2699
0.5432
0.4745
0.4445
0.4424
0.2720
0.2436
0.1976
0.2215
0.3639
0.2535
0.3292
0.2920
0.3589
0.3429
0.3934
0.3515
0.5965
0.6223
0.6451
0.5463
0.6760
0.7311
0.7012
0.7201
0.4143
0.4380
0.3852
0.3890
0.3586
0.3826
0.3191
0.3379
0.3627
0.2858
0.3233
0.2981
0.5431
0.5647
0.4953
0.4935
0.3913
0.1823
0.3084
0.2721
0.3449
0.3297
0.3294
0.2064
0.4499
0.5538
0.5397
0.5043
0.6386
0.5673
0.5960
0.6334
0.5428
0.5107
0.5321
0.5733
0.2689
0.2096
0.1715
0.1585
0.4279
0.4311
0.4294
0.4181
0.3633
0.3610
0.3589
0.4475
0.4743
0.5071
0.5013
0.5080
0.5050
0.4835
0.4956
0.4768
0.3858
0.3968
0.4106
0.3640
0.3846
0.4439
0.4621
0.2661
0.5901
0.6465
0.5982
0.6496
0.2841
0.2681
0.4103
0.3688
0.3555
0.4890
0.4254
0.4156
0.5744
0.5531
0.5498
0.5005
0.3182
0.1990
0.2191
0.1951
0.4159
0.5032
0.5020
0.4704
0.5246
0.4818
0.3899
0.5133
0.3989
0.3723
0.3770
0.4288
0.2834
0.2690
0.2065
0.1866
0.4655
0.5819
0.5275
0.4744
0.4583
0.4301
0.4815
0.4870
0.4919
0.5017
0.4997
0.4953
0.3412
0.3985
0.5676
0.6237
0.3072
0.3051
0.2118
0.2181
0.4853
0.4446
0.4943
0.5118
0.4883
0.4741
0.5307
0.5282
0.5084
0.4836
0.4869
0.4486
0.3054
0.2441
0.3640
0.3149
0.4960
0.4732
0.5309
0.5293
0.4881
0.4355
0.4439
0.2273
0.3739
0.3893
0.5117
0.4551
0.4941
0.4381
0.4164
0.5304
0.4408
0.2895
0.3314
0.2788
0.3758
0.4217
0.4246
0.4445
0.3919
0.4426
0.4234
0.4432
0.3501
0.4079
0.5762
0.6422
0.4508
0.4553
0.4903
0.2045
0.2853
0.2389
0.3046
0.2815
0.2505
0.2018
0.1617
0.1570
0.4466
0.4147
0.4094
0.2986
0.2931
0.2847
0.3763
0.5617
0.7671
0.7204
0.5823
0.5899
0.2035
0.1900
0.1307
0.1583
0.4163
0.4269
0.4227
0.4347
0.5418
0.5579
0.6167
0.6565
0.3598
0.3353
0.3622
0.3252
0.3825
0.4454
0.4555
0.4418
0.4277
0.2295
0.3715
0.2742
0.9183
0.9847
0.9331
0.9375
0.5313
0.4139
0.4098
0.4980
0.5293
0.5522
0.4279
0.5858
0.2990
0.2994
0.2192
0.2295
0.4417
0.5255
0.5072
0.4761
0.4847
0.5521
0.4705
0.5287
0.5666
0.5537
0.5400
0.5073
0.2451
0.1848
0.1664
0.1397
0.4438
0.5309
0.4926
0.4935
0.3798
0.3139
0.2425
0.2718
0.5015
0.5049
0.5469
0.5996
