672
603.24 
559.71 
525.28 
518.62 
515.33 
510.81 
498.78 
501.03 
500.51 
491.16 
497.42 
502.97 
497.70 
480.45 
482.93 
476.39 
493.23 
468.46 
487.91 
495.76 
489.66 
498.67 
499.06 
494.38 
500.14 
513.57 
511.67 
503.65 
479.77 
459.34 
427.91 
437.95 
431.46 
414.99 
447.15 
459.76 
480.97 
472.98 
490.56 
492.07 
495.65 
493.81 
497.06 
514.49 
516.08 
558.60 
568.61 
561.39 
539.13 
532.03 
540.00 
536.10 
537.86 
530.15 
517.60 
535.05 
538.06 
539.33 
545.51 
540.33 
538.86 
536.31 
544.01 
558.56 
542.72 
535.27 
525.48 
539.48 
533.95 
528.67 
540.81 
542.23 
547.91 
515.93 
536.94 
518.04 
521.38 
505.66 
509.50 
501.70 
517.13 
542.99 
549.79 
561.16 
568.62 
575.58 
574.40 
553.56 
563.74 
554.23 
546.07 
530.80 
559.38 
568.78 
592.45 
572.35 
566.4
553.91
550.62
533.41
519.97
534.79
514.85
515.73
528.51
526.68
510.2
511.58
520.36
516.24
505.32
483.31
480.07
475.72
476.34
463.34
463.34
451.34
451.34
451.34
436.21
436.21
436.21
436.21
435.21
435.36
415.17
417.23
418
480.22
443.88
458.01
480.11
467.26
466.74
477.88
466.27
488.65
507.65
511.03
516.27
553.62
546.47
562.95
527.97
516.07
518.85
506.17
532.3
520.96
526.37
529.02
544.9
544.8
547.16
541.44
527.5
535.71
536.97
539.99
526.46
545.33
544.62
542.53
549.16
546.61
534.03
552.21
534
527.47
522.58
508.73
507.37
492.72
501.07
498.4
531.1
537.15
561.59
569.53
564.6
550.87
562.93
565.16
557.6
543.6
526.01
524.63
526.67
565.81
557.19
563.34
549.82 
542.56 
551.49 
534.87 
540.94 
534.63 
512.42 
518.26 
512.94 
533.81 
493.13 
504.26 
509.88 
517.36 
502.45 
504.32 
490.72 
499.50 
499.86 
504.51 
506.09 
497.83 
526.52 
509.93 
523.96 
527.74 
535.09 
537.40 
502.24 
476.16 
463.95 
447.71 
420.20 
464.13 
458.86 
462.43 
463.71 
468.64 
480.64 
489.06 
507.71 
493.30 
521.02 
523.68 
531.38 
552.60 
571.60 
564.83 
540.67 
536.44 
537.24 
526.68 
525.26 
538.28 
529.63 
539.33 
516.33 
544.33 
542.55 
534.02 
524.31 
541.21 
552.35 
544.36 
516.43 
541.73 
542.15 
528.79 
525.63 
528.25 
520.47 
516.54 
519.50 
526.20 
507.97 
529.59 
510.54 
507.56 
496.76 
507.56 
507.26 
534.14 
548.61 
550.31 
538.62 
556.38 
557.20 
538.12 
529.12 
512.78 
535.32 
485.78 
502.39 
548.73 
552.50 
555.49 
551.04 
548.69 
524.27 
534.40 
527.22 
509.84 
510.81 
511.87 
509.61 
518.75 
507.29 
505.89 
515.27 
525.93 
498.89 
515.32 
508.67 
505.33 
511.21 
518.69 
524.68 
509.63 
522.49 
518.88 
501.26 
532.65 
538.64 
535.86 
497.93 
465.57 
439.69 
464.00 
467.62 
446.89 
447.60 
450.66 
462.95 
466.29 
464.65 
479.67 
484.87 
482.13 
480.47 
498.03 
526.95 
563.57 
555.40 
560.84 
562.25 
545.29 
522.78 
528.78 
530.39 
541.66 
541.86 
515.97 
522.36 
524.28 
531.64 
530.63 
534.18 
529.86 
529.81 
523.11 
504.66 
514.31 
529.91 
530.69 
526.50 
534.26 
539.71 
535.17 
525.29 
525.28 
515.86 
522.84 
514.64 
503.28 
500.81 
497.06 
505.07 
537.27 
562.40 
569.18 
571.72 
581.75 
584.13 
571.11 
563.25 
554.94 
538.62 
523.36 
551.26 
595.88 
595.13 
588.23 
545.12 
553.41 
568.65 
558.60 
537.33 
533.22 
538.66 
550.50 
543.88 
543.88 
543.88 
558.52 
541.21 
534.60 
538.65 
536.02 
536.01 
526.98 
537.73 
535.02 
518.79 
548.87 
517.14 
514.29 
535.56 
547.89 
530.49 
530.76 
506.94 
502.41 
474.96 
494.73 
423.78 
457.28 
457.47 
479.15 
487.00 
510.50 
508.23 
511.60 
518.37 
525.02 
545.45 
548.00 
578.77 
590.91 
598.06 
599.64 
577.86 
573.74 
573.74 
568.91 
561.13 
572.85 
573.97 
565.74 
569.13 
573.07 
580.46 
577.49 
561.64 
566.67 
575.42 
573.34 
567.13 
584.36 
563.67 
574.06 
585.46 
586.49 
587.63 
573.39 
558.65 
585.74 
561.77 
565.07 
544.63 
547.08 
566.22 
550.50 
540.25 
562.04 
594.51 
599.38 
595.52 
600.77 
599.93 
604.13 
575.68 
571.02 
565.80 
569.05 
567.53 
608.90 
621.88 
615.58 
618.67 
606.43 
577.89 
566.96 
564.99 
562.43 
564.54 
564.54 
564.54 
564.54 
564.54 
564.54 
564.54 
564.54 
564.54 
564.54 
564.54 
564.54 
564.54 
564.54 
564.54 
564.54 
564.54 
564.54 
564.54 
553.13 
545.89 
565.72 
556.17 
521.83 
512.46 
503.66 
488.53 
501.48 
505.49 
503.60 
502.21 
529.06 
529.36 
534.93 
529.66 
545.36 
552.19 
556.58 
571.32 
589.64 
582.57 
606.65 
582.56 
577.66 
564.09 
572.39 
572.56 
569.35 
563.18 
559.32 
548.34 
557.51 
546.55 
549.32 
561.71 
564.55 
549.37 
555.07 
539.72 
541.25 
550.09 
549.61 
550.75 
557.75 
548.27 
539.01 
543.56 
544.04 
569.74 
545.93 
543.04 
529.73 
528.16 
530.83 
539.28 
565.28 
593.67 
604.40 
588.94 
587.43 
590.19 
569.65 
590.36 
585.74 
579.31 
567.19 
584.68 
596.85 
594.17 
608.66 
590.33
591.16
580.60
591.28
585.52
578.65
572.37
568.51
544.98
564.94
555.06
549.93
550.88
536.60
543.18
546.35
548.97
539.88
536.59
550.41
547.29
555.14
554.39
536.63
549.51
555.23
568.96
564.98
567.96
534.66
507.07
506.26
509.15
488.79
510.59
512.11
520.49
527.39
527.87
537.54
530.56
538.47
533.05
558.39
579.93
583.90
609.98
601.48
569.95
565.04
569.89
575.64
575.29
576.78
585.76
591.90
593.40
585.50
582.38
578.19
552.59
554.42
564.45
546.97
548.66
543.17
556.22
561.40
568.97
564.56
553.24
553.66
561.90
539.44
544.96
551.94
544.33
540.58
535.74
536.50
535.65
592.39
596.73
609.92
602.94
598.07
607.39
602.16
598.33
602.03
582.59
581.33
596.49
638.61
637.72
630.73
