  5.932311
 -9.502960
  0.394375
 -3.063426
  6.671656
 -4.580717
  9.457656
  4.161700
 18.580726
 -6.635222
 -3.146610
  4.752352
 -7.249008
  0.574532
 -2.859026
-13.853191
 17.727486
  0.592025
 13.603899
  0.116523
  2.328084
 -8.220234
-15.020003
  6.438124
 -1.234597
  2.712793
  0.865397
-10.879740
  4.767560
  2.633414
  1.725474
 -9.837222
  1.601279
-11.303201
  7.602213
  1.042153
 21.547543
  7.162700
  6.758198
  5.711213
 -9.463355
  1.819121
 -1.942507
 12.821898
  0.216719
 11.918798
  2.829203
 13.861195
 -0.094161
  3.279854
-16.094989
  3.136024
 -1.135345
 -1.366330
  1.158872
  7.603086
 -1.838439
  6.743924
  3.762119
 -5.019692
 -1.693449
 -0.039149
 -4.710062
 -3.737873
-37.784328
  3.890752
  9.551317
-10.897389
 -5.891216
  5.922362
-19.475640
-10.990405
  2.569001
 10.295856
  9.207584
  1.380602
  3.527109
 -0.485500
 -6.919523
 -2.563960
-10.984939
  5.753149
 -1.724650
-15.274786
  2.741019
  4.114819
  6.945327
  8.165747
  7.567270
 -0.734736
  9.174495
 -3.992658
  2.509054
 -4.007602
-19.978797
 -0.309797
  3.053071
  9.486430
 -3.723356
 -7.855883
-18.752317
 -6.365136
 -4.631785
 -5.041482
 -6.032130
 -0.056307
 11.411354
 13.803642
 -0.997266
 -7.243894
  4.671096
 -4.539777
-27.695891
  6.638154
 -0.365859
  2.718491
 17.186677
  1.301749
 -4.233415
  3.689661
 -3.728773
  4.566663
 -9.920244
 -8.525251
-16.092779
  6.478599
 -9.481603
  2.527241
-18.415709
 10.800610
 -6.663623
  2.520096
 -7.679827
-16.147653
 -0.155344
 -7.908400
 -7.381458
  2.938272
-11.178801
 10.308091
  7.805038
 29.212336
-27.268438
  7.864950
 -6.855979
-10.660715
  9.816887
 -4.014086
 -6.394694
  2.727494
-10.493261
-11.527988
  4.643299
 -2.309234
 12.576774
 -3.515383
-16.608502
 -0.796718
  2.423159
-19.839259
 17.112249
 -2.990899
  1.191121
 -6.032314
  4.071041
 -3.267047
-12.241789
  1.768059
  2.390490
 -8.957164
 -3.124778
 15.967054
 -3.323770
  3.762420
  2.180787
 -1.844179
 -4.800138
  3.148798
 -3.402586
  1.928356
 -4.765552
 -6.387135
  5.175444
  1.219283
 -8.679671
  6.683341
 -4.559228
  6.001471
 -3.648374
 10.622108
-19.715273
  1.566824
-10.246705
  4.498704
 -1.718636
 -6.637209
  1.430960
-11.569258
  4.224322
  0.294288
  6.810861
 -2.355460
-24.474725
  7.090112
 -8.099795
 -5.824343
 -8.111278
-30.258573
-22.329719
 -2.496705
 -7.684846
  2.649060
  1.987520
  9.796234
  0.096481
 -3.335381
 -1.861602
 -0.040042
 -6.991402
  7.284389
 -1.586545
 -0.140361
 -3.560285
  1.986484
-14.547190
 -2.355555
  2.822867
  3.473010
-23.467900
 -4.299401
  0.086588
  8.852929
 -7.450235
  5.915695
 -3.702030
 -8.303499
 -2.554676
 -3.315779
-16.137835
 12.812403
 -3.238099
 -1.374492
  0.391924
  0.665064
  0.105519
 -0.022360
  0.000000
  0.000000
  0.000000
  0.000000
  0.000000
  0.000000
  3.859842
-14.856972
 17.125646
 -7.247695
 -7.387218
  4.114101
-13.925414
  0.871110
 -6.989400
  4.828197
 -8.293652
-15.505585
 -0.943331
 -7.490882
  2.245956
 -2.341905
 -9.032528
  1.878920
 -2.719713
 -8.185933
 -0.021001
  2.163355
 -5.507649
  5.279972
  4.542817
 15.161486
  1.117176
 -1.098491
 -3.723750
 -0.275352
 -0.603722
 14.290846
  0.401625
  8.756013
 -6.003642
 -9.138685
 -3.672241
 -8.272457
  3.192371
 -5.947988
-15.625260
  5.270364
  7.184921
 -2.143402
  5.109966
 -9.721731
 -1.613493
 12.304043
 -1.118313
  6.239893
  8.960193
 -8.798797
 16.932908
  1.126339
 -1.161153
 -5.422255
 -4.811216
 -7.065524
 11.456336
  0.048353
 -3.333143
 -2.520810
  2.784757
 -1.351429
  4.224371
 -6.083370
 -2.687689
 11.184332
  2.930104
  0.820005
  1.596184
 -1.190813
 13.687154
 -8.245935
  1.624289
 -2.192446
-26.175954
  2.561450
  3.271888
  1.635430
 -7.576011
  2.079017
-18.485587
  4.337781
