1611.305829
1413.852036
1375.182967
1407.304476
1256.648830
1422.879935
1521.383251
1522.393050
1535.200052
1475.385072
1522.412397
1589.475595
1562.993942
1484.640562
1372.378054
1237.374663
1240.336946
1406.254349
1486.391299
1509.486832
1548.206724
1462.022745
1525.796532
1549.534933
1549.013374
1464.876791
1414.429738
1474.221360
1283.265753
1439.245240
1525.831898
1514.166000
1520.141580
1447.464726
1507.958323
1495.743871
1518.092800
1453.146650
1447.823946
1470.537452
1286.668790
1390.052231
1531.240437
1495.052196
1497.353286
1452.677194
1525.980212
1594.759335
1582.097667
1546.625254
1507.532015
1504.786968
1320.220002
1513.629183
1630.696594
1612.041524
1637.032486
1590.289079
1625.539152
1659.791131
1673.329116
1597.298885
1599.649547
1584.539959
1425.375335
1544.069201
1636.752593
1578.172660
1561.516270
1524.570684
1597.886399
1651.280498
1676.601777
1585.219347
1535.329508
1575.998045
1441.506357
1544.857388
1636.979316
1636.592890
1586.241798
1531.924533
1611.669056
1734.963224
