 60.932740
-24.791871
  4.053787
 29.070092
-67.239074
-25.980499
 35.358447
-16.827086
  6.767191
 33.258048
-58.356228
 -4.554691
 33.263698
-24.833494
  5.260513
 12.535975
-21.481214
-50.540490
 35.420424
  4.800995
-14.037697
 55.103378
-48.474864
  8.141556
  9.393458
-12.020821
  9.366450
 28.532267
-33.577863
-34.223824
 30.304757
-15.449392
 12.709410
 18.557045
-48.779218
  7.815207
 28.184426
-17.609078
  9.405116
 32.040044
-33.229631
-49.947850
 34.295316
-26.077030
-17.882176
 38.689010
-79.051328
-10.081332
 28.393347
 -7.512426
 12.601114
 -3.230627
-52.140144
-38.732911
 35.819105
 -5.754646
-14.100302
 25.818587
-63.477723
 -5.067831
 45.999249
-16.457154
  1.830860
  4.143416
-29.256048
-27.296117
 17.104613
-25.460828
 -0.650813
 35.364095
-36.680750
  0.639763
  2.532061
  0.090676
 -1.717913
 -3.093932
-36.625457
-48.320050
 21.910209
 19.646776
-29.929602
 37.578370
-48.164410
-45.758103
