 42.929968
-15.228154
 -4.861079
  7.908679
 -6.405785
  6.299541
-16.209080
 15.940310
-19.525402
  5.351118
  9.224755
-30.201913
  3.566774
  7.254108
 -6.231767
-12.358470
  7.020872
-12.969728
  3.391566
 11.450641
-11.462200
 14.620432
 17.277088
-26.419197
 13.103863
  3.233098
 14.615674
  6.020931
 -8.479446
 -3.953464
 -0.122095
 28.986044
 -2.172350
  9.064482
-12.247951
-19.358923
 17.069463
  1.084919
 -1.995496
 -6.944120
 -3.839296
  1.018693
  2.721363
  7.082146
-22.518741
  4.093562
 24.265087
-25.536292
  8.647818
 16.450783
 15.849587
 -1.351290
 -8.228096
 -5.082037
-22.570252
 18.834836
-28.946607
  1.574787
  0.411239
-24.793077
  8.752910
 -9.971069
 -8.410466
-18.064712
 -7.128696
  6.072224
 -4.185392
 12.549732
-21.756391
 -3.294049
  9.159814
-30.312510
 19.503576
  1.110864
  9.749260
  5.934427
 -6.028914
 -0.213652
-38.954276
 27.236482
  4.293475
  1.336579
 26.041194
 -7.439959
 29.996753
 -9.139956
 -6.933203
 -1.907786
-17.557515
 -4.439031
  0.019276
 12.504200
-28.214965
  8.497295
 31.239091
-42.951384
-16.296746
 -8.403830
 -7.506918
  0.114885
 -1.542221
 21.019615
 -8.975716
 -8.514219
-14.257970
  5.609889
  2.812406
-11.984022
  4.149937
 -7.868156
-11.066291
 -3.476611
 11.852329
  1.138818
 -8.485730
-16.428889
-29.332766
 -1.728136
  9.860477
-25.185327
 31.870271
-15.109938
  2.709163
  0.223763
 -0.046056
 -3.162332
 -3.406709
 17.154089
-13.582453
 -5.789372
  3.556042
-11.086942
 14.563845
 -1.036028
  6.837891
  1.059256
 -4.910741
  7.187031
-21.398743
 13.771740
-36.922534
 24.954779
  8.611845
-14.941606
  6.882289
  0.200756
 -9.272764
 -0.414512
  6.702388
  5.865259
-16.934441
 29.976392
-14.989790
  1.039492
  8.581217
-26.124557
  1.412022
 -9.184256
 -0.226819
-12.159060
 -4.632246
 11.280194
 -2.165287
 15.264259
-32.688388
 11.876321
 22.580438
-37.949934
