603.239990
559.710022
525.280029
518.619995
515.330017
510.809998
498.779999
501.029999
500.510010
491.160004
497.420013
502.970001
497.700012
480.450012
482.929993
476.390015
493.230011
468.459991
487.910004
495.760010
489.660004
498.670013
499.059998
494.380005
500.140015
513.570007
511.670013
503.649994
479.769989
459.339996
427.910004
437.950012
431.459991
414.989990
447.149994
459.760010
480.970001
472.980011
490.559998
492.070007
495.649994
493.809998
497.059998
514.489990
516.080017
558.599976
568.609985
561.390015
539.130005
532.030029
540.000000
536.099976
537.859985
530.150024
517.599976
535.049988
538.059998
539.330017
545.510010
540.330017
538.859985
536.309998
544.010010
558.559998
542.719971
535.270020
525.479980
539.479980
533.950012
528.669983
540.809998
542.229980
547.909973
515.929993
536.940002
518.039978
521.380005
505.660004
509.500000
501.700012
517.130005
542.989990
549.789978
561.159973
568.619995
575.580017
574.400024
553.559998
563.739990
554.229980
546.070007
530.799988
559.380005
568.780029
592.450012
572.349976
566.400024
553.909973
550.619995
533.409973
519.969971
534.789978
514.849976
515.729980
528.510010
526.679993
510.200012
511.579987
520.359985
516.239990
505.320007
483.309998
480.070007
475.720001
476.339996
463.339996
463.339996
451.339996
451.339996
451.339996
436.209991
436.209991
436.209991
436.209991
435.209991
435.359985
415.170013
417.230011
418.000000
480.220001
443.880005
458.010010
480.109985
467.260010
466.739990
477.880005
466.269989
488.649994
507.649994
511.029999
516.270020
553.619995
546.469971
562.950012
527.969971
516.070007
518.849976
506.170013
532.299988
520.960022
526.369995
529.020020
544.900024
544.799988
547.159973
541.440002
527.500000
535.710022
536.969971
539.989990
526.460022
545.330017
544.619995
542.530029
549.159973
546.609985
534.030029
552.210022
534.000000
527.469971
522.580017
508.730011
507.369995
492.720001
501.070007
498.399994
531.099976
537.150024
561.590027
569.530029
564.599976
550.869995
562.929993
565.159973
557.599976
543.599976
526.010010
524.630005
526.669983
565.809998
557.190002
563.340027
549.820007
542.559998
551.489990
534.869995
540.940002
534.630005
512.419983
518.260010
512.940002
533.809998
493.130005
504.260010
509.880005
517.359985
502.450012
504.320007
490.720001
499.500000
499.859985
504.510010
506.089996
497.829987
526.520020
509.929993
523.960022
527.739990
535.090027
537.400024
502.239990
476.160004
463.950012
447.709991
420.200012
464.130005
458.859985
462.429993
463.709991
468.640015
480.640015
489.059998
507.709991
493.299988
521.020020
523.679993
531.380005
552.599976
571.599976
564.830017
540.669983
536.440002
537.239990
526.679993
525.260010
538.280029
529.630005
539.330017
516.330017
544.330017
542.549988
534.020020
524.309998
541.210022
552.349976
544.359985
516.429993
541.729980
542.150024
528.789978
525.630005
528.250000
520.469971
516.539978
519.500000
526.200012
507.970001
529.590027
510.540009
507.559998
496.760010
507.559998
507.260010
534.140015
548.609985
550.309998
538.619995
556.380005
557.200012
538.119995
529.119995
512.780029
535.320007
485.779999
502.390015
548.729980
552.500000
555.489990
551.039978
548.690002
524.270020
534.400024
527.219971
509.839996
510.809998
511.869995
509.609985
518.750000
507.290009
505.890015
515.270020
525.929993
498.890015
515.320007
508.670013
505.329987
511.209991
518.690002
524.679993
509.630005
522.489990
518.880005
501.260010
532.650024
538.640015
535.859985
497.929993
465.570007
439.690002
464.000000
467.619995
446.890015
447.600006
450.660004
462.950012
466.290009
464.649994
479.670013
484.869995
482.130005
480.470001
498.029999
526.950012
563.570007
555.400024
560.840027
562.250000
545.289978
522.780029
528.780029
530.390015
541.659973
541.859985
515.969971
522.359985
524.280029
531.640015
530.630005
534.179993
529.859985
529.809998
523.109985
504.660004
514.309998
529.909973
530.690002
526.500000
534.260010
539.710022
535.169983
525.289978
525.280029
515.859985
522.840027
514.640015
503.279999
500.809998
497.059998
505.070007
537.270020
562.400024
569.179993
571.719971
581.750000
584.130005
571.109985
563.250000
554.940002
538.619995
523.359985
551.260010
595.880005
595.130005
588.229980
545.119995
553.409973
568.650024
558.599976
537.330017
533.219971
538.659973
550.500000
543.880005
543.880005
543.880005
558.520020
541.210022
534.599976
538.650024
536.020020
536.010010
526.979980
537.729980
535.020020
518.789978
548.869995
517.140015
514.289978
535.559998
547.890015
530.489990
530.760010
506.940002
502.410004
474.959991
494.730011
423.779999
457.279999
457.470001
479.149994
487.000000
510.500000
508.230011
511.600006
518.369995
525.020020
545.450012
548.000000
578.770020
590.909973
598.059998
599.640015
577.859985
573.739990
573.739990
568.909973
561.130005
572.849976
573.969971
565.739990
569.130005
573.070007
580.460022
577.489990
561.640015
566.669983
575.419983
573.340027
567.130005
584.359985
563.669983
574.059998
585.460022
586.489990
587.630005
573.390015
558.650024
585.739990
561.770020
565.070007
544.630005
547.080017
566.219971
550.500000
540.250000
562.039978
594.510010
599.380005
595.520020
600.770020
599.929993
604.130005
575.679993
571.020020
565.799988
569.049988
567.530029
608.900024
621.880005
615.580017
618.669983
606.429993
577.890015
566.960022
564.989990
562.429993
564.539978
564.539978
564.539978
564.539978
564.539978
564.539978
564.539978
564.539978
564.539978
564.539978
564.539978
564.539978
564.539978
564.539978
564.539978
564.539978
564.539978
564.539978
564.539978
553.130005
545.890015
565.719971
556.169983
521.830017
512.460022
503.660004
488.529999
501.480011
505.489990
503.600006
502.209991
529.059998
529.359985
534.929993
529.659973
545.359985
552.190002
556.580017
571.320007
589.640015
582.570007
606.650024
582.559998
577.659973
564.090027
572.390015
572.559998
569.349976
563.179993
559.320007
548.340027
557.510010
546.549988
549.320007
561.710022
564.549988
549.369995
555.070007
539.719971
541.250000
550.090027
549.609985
550.750000
557.750000
548.270020
539.010010
543.559998
544.039978
569.739990
545.929993
543.039978
529.729980
528.159973
530.830017
539.280029
565.280029
593.669983
604.400024
588.940002
587.429993
590.190002
569.650024
590.359985
585.739990
579.309998
567.190002
584.679993
596.849976
594.169983
608.659973
590.330017
591.159973
580.599976
591.280029
585.520020
578.650024
572.369995
568.510010
544.979980
564.940002
555.059998
549.929993
550.880005
536.599976
543.179993
546.349976
548.969971
539.880005
536.590027
550.409973
547.289978
555.140015
554.390015
536.630005
549.510010
555.229980
568.960022
564.979980
567.960022
534.659973
507.070007
506.260010
509.149994
488.790009
510.589996
512.109985
520.489990
527.390015
527.869995
537.539978
530.559998
538.469971
533.049988
558.390015
579.929993
583.900024
609.979980
601.479980
569.950012
565.039978
569.890015
575.640015
575.289978
576.780029
585.760010
591.900024
593.400024
585.500000
582.380005
578.190002
552.590027
554.419983
564.450012
546.969971
548.659973
543.169983
556.219971
561.400024
568.969971
564.559998
553.239990
553.659973
561.900024
539.440002
544.960022
551.940002
544.330017
540.580017
535.739990
536.500000
535.650024
592.390015
596.729980
609.919983
602.940002
598.070007
607.390015
602.159973
598.330017
602.030029
582.590027
581.330017
596.489990
638.609985
637.719971
630.729980
