0.4764
0.4747
0.4866
0.4914
0.3604
0.4777
0.3741
0.4515
0.3997
0.4651
0.4350
0.4479
0.3887
0.3472
0.4302
0.4127
0.4386
0.4039
0.4339
0.4002
0.5036
0.4431
0.5260
0.3971
0.4467
0.3948
0.4416
0.4302
0.4511
0.4336
4.8825
1.7288
7.6466
8.6581
8.4813
7.6415
14.2783
7.7527
3.4297
4.8996
6.4664
5.7801
4.4440
5.8807
8.4387
8.4260
10.4937
7.7172
4.9467
2.5285
3.0266
5.2083
4.2233
3.3977
5.4650
10.7472
9.0628
6.8952
3.1317
3.1325
0.6792
0.6697
1.0494
1.2062
0.6002
0.6167
0.6432
0.6875
0.6095
0.6359
0.6647
0.6501
1.0939
2.1839
4.1998
5.1159
2.6550
5.6679
2.6101
0.6893
0.7074
0.5732
0.5109
0.5288
0.5836
0.5847
0.4944
0.5397
0.5795
0.6099
0.6104
0.5296
0.6089
0.5133
0.4934
0.5475
0.6344
0.7441
0.6926
0.6735
0.6729
0.6720
0.6480
0.5476
0.5474
0.6429
0.5200
0.5947
0.5740
0.6049
0.5915
0.5076
0.5447
0.6798
1.2845
0.8866
0.6786
0.6458
0.6166
0.7186
10.1023
9.1803
10.9581
7.6535
1.4099
0.9399
1.1009
0.8822
1.7287
5.3672
8.3080
7.2340
4.2137
6.6064
0.8119
0.6679
0.9499
0.9926
1.4914
0.9509
0.7461
0.9520
0.9690
0.9274
0.9305
0.7340
0.4661
0.5397
0.4088
0.3227
0.4400
0.3949
0.4071
0.5546
0.7338
0.8326
0.7021
0.7124
1.1393
6.2695
7.5624
3.2589
7.3072
7.1305
2.4987
1.6097
0.8219
0.7465
0.7124
0.7071
0.5638
0.5555
0.5850
0.5065
0.5208
0.4538
0.4529
0.3579
0.4116
0.3853
0.4494
0.5118
0.5104
0.5322
0.4484
0.4597
0.4584
0.3727
0.4947
0.5373
0.4128
0.4305
0.5229
0.5021
0.5011
0.4370
0.4681
0.4635
0.4848
0.5137
0.4819
0.5122
0.4752
0.5038
0.4275
0.4089
0.4728
0.5107
0.5165
0.4680
1.1595
0.6797
1.6273
1.3951
0.7830
0.7977
0.7598
1.9097
10.8023
11.6773
7.4861
5.2883
9.4174
2.3585
1.5522
1.0794
1.4059
0.9969
0.8843
0.9288
0.9852
0.9107
1.1607
1.4827
4.4514
0.9491
1.2359
3.9941
3.1224
4.8640
