16.0512
10.3568
14.4305
12.7207
12.4189
14.3915
8.8539
10.0546
9.7102
14.8889
11.1375
12.7809
12.9255
15.2055
28.9103
25.6498
19.7110
12.3781
14.5135
38.4739
24.0842
12.8628
10.7061
14.8878
28.0270
21.2889
12.3888
14.1416
15.4633
16.6371
33.5491
19.7898
50.6472
60.5248
69.7747
88.6922
127.7013
70.1612
73.1263
99.0093
154.6766
53.6304
89.4117
50.1118
147.5044
68.0290
49.3635
88.1842
46.0464
86.3873
72.0945
40.4205
44.7649
98.8985
101.4266
64.4942
67.7392
45.3776
44.0824
96.9984
9.4898
15.0010
23.7443
9.0839
8.1507
10.4720
10.5699
12.3963
8.3091
11.1874
10.2259
9.3204
43.8239
42.1708
33.4458
129.2009
23.5053
30.8579
23.5593
9.8394
9.0711
12.2077
6.8679
10.7346
9.4386
9.8537
14.3500
9.7855
13.1451
8.9263
30.6028
17.6736
9.2014
8.4870
9.3681
12.4059
9.9022
9.3223
7.1147
11.4903
9.7169
8.5949
11.6682
11.2352
10.0764
15.7416
10.7987
10.8160
9.9896
10.4069
10.3339
8.7089
12.8739
23.2198
76.8124
81.3728
33.7763
30.4579
11.9056
9.7037
64.8279
63.5220
63.1554
37.1253
12.8141
10.4913
26.8615
17.3694
20.5419
77.0843
47.7889
32.8350
31.6800
49.9378
12.6855
15.6289
17.2463
20.5403
12.0794
10.2875
17.1172
14.3954
9.8365
19.1833
13.6931
16.9104
12.1357
12.2243
6.0510
6.2074
8.0789
11.7701
22.8609
13.8424
12.8872
12.4147
10.9489
8.3763
12.5187
49.4262
38.9643
21.1892
51.7075
30.5557
24.3854
21.6136
15.7288
19.9405
19.5072
14.0309
5.9597
10.6942
6.1519
9.1734
7.9709
9.6241
18.7929
12.7767
8.6173
8.6137
20.6775
33.1216
18.0085
16.2382
21.2410
15.5747
13.5277
12.6081
17.8553
17.8338
12.8896
17.0192
29.3075
27.7809
14.3506
11.5893
18.8612
16.4997
11.3654
16.3702
22.9819
13.3791
36.5273
16.3245
16.1733
15.8325
14.3752
18.6321
42.3883
34.0210
12.6180
11.4547
16.4048
13.2110
8.1376
14.0331
14.5223
22.7495
43.0697
52.4167
45.1402
26.0612
47.4277
24.4326
18.2529
17.3973
46.1918
33.5852
16.4763
9.9365
7.4062
77.0443
22.4582
14.5387
24.7655
12.6403
16.1046
22.4640
22.3654
34.2819
