19.5264
23.3441
18.7614
25.7456
27.8884
20.2008
24.2392
23.7834
21.6638
28.7514
20.7699
20.6060
23.0016
22.2802
24.7448
17.0044
24.2137
19.7403
20.7856
25.4485
24.3192
24.7246
19.5894
21.9429
26.1850
24.1657
19.1989
20.8609
22.4250
21.5033
16.9509
18.5343
15.3823
21.9024
14.9968
19.5736
18.4690
15.1441
19.2158
18.7191
13.9782
12.7466
15.7951
19.0054
16.1827
13.3748
22.6403
20.3685
17.8412
27.1733
21.9977
18.8751
19.7271
24.7013
16.6294
15.0534
20.0927
17.2363
21.7149
23.7017
17.1816
14.1167
12.6135
11.8995
14.6818
17.2835
13.6675
15.5218
18.4945
21.2435
13.8705
14.0830
14.1310
13.9589
16.3641
17.1204
13.3412
15.6196
16.6544
19.5977
18.6299
14.9316
13.6564
16.2388
12.8512
12.5256
13.1649
11.3288
16.2080
18.1049
18.0955
18.0638
16.0289
11.8900
20.0204
18.3805
12.6291
13.3730
15.8061
19.3081
21.2205
10.5662
12.2143
15.8632
16.7773
23.2207
12.4312
14.1344
17.0713
12.3171
15.2234
17.9936
23.1480
15.3125
14.3638
12.3539
15.4218
13.2811
13.9849
17.0227
23.9641
24.8844
23.5960
16.1585
19.3994
21.5355
15.3652
12.4363
14.6816
15.9769
12.3654
14.9410
14.7774
13.6070
17.0689
13.7004
13.7040
15.9550
13.7117
14.7385
14.5910
19.9113
17.1593
15.8555
15.8069
13.9125
12.0721
17.2891
13.1430
12.8987
14.5775
12.7053
13.9446
14.3495
15.5539
13.7723
15.0945
13.2372
12.7323
13.9425
16.3105
18.5480
13.4207
12.8913
14.0115
13.2948
12.8864
13.6323
14.2522
14.6097
22.6177
14.0266
13.4842
15.2353
15.6573
16.4051
19.2891
14.9035
15.3574
15.1500
15.9019
14.6620
16.5730
13.8357
15.9461
16.3291
18.9484
13.8047
16.4143
15.9449
19.0429
13.3300
16.1858
12.3149
12.8929
13.4290
16.1988
18.5845
14.9405
13.3850
14.3214
13.5930
14.3269
15.8153
15.8797
14.8026
15.8015
16.4919
14.4096
14.3352
21.8550
17.0027
25.3360
21.9883
22.7469
26.0356
21.3785
16.4592
24.6171
20.0681
21.2437
22.2261
23.4209
23.2688
19.3854
16.7374
16.9089
16.5481
15.0306
21.2770
15.5372
20.0983
19.1327
21.1894
14.3536
19.3421
14.4554
21.6882
21.7638
15.2536
