14.8916
23.6449
25.8670
25.7095
31.4472
20.8662
22.0687
22.4619
18.0004
10.7868
15.8061
23.4723
25.7530
37.6371
35.6162
41.8882
27.6769
29.3812
42.2947
53.0895
30.8586
26.3539
19.1232
38.5778
67.7196
28.5121
36.7673
26.2272
36.4867
29.1990
35.9152
31.2076
77.7873
64.0526
79.9636
119.8900
100.7354
36.6956
141.2419
67.0517
52.8123
55.7906
88.6077
55.5259
133.8037
121.1655
79.6743
35.2110
44.1896
158.8997
49.1663
55.2185
53.9976
101.2777
125.5236
43.0818
100.8541
51.7567
48.6016
64.6242
13.2978
21.6790
36.3390
18.2963
16.7890
26.4383
12.1045
16.8829
19.2665
19.5693
19.7714
22.6446
49.9894
30.5774
108.6571
104.0281
48.8945
27.9359
28.9558
20.8586
14.5479
14.1478
16.3880
24.8280
23.0312
27.8879
16.3330
19.4874
21.6527
12.8217
48.4004
21.1393
16.0322
8.7589
20.0698
26.8149
16.6281
19.6167
18.7821
18.3626
16.1870
21.3037
19.6298
18.6828
20.8976
38.7962
15.9212
20.1917
12.3472
12.8948
20.9938
16.9801
30.7070
25.9289
136.4397
43.3473
99.0649
37.2352
34.8621
17.1166
66.5232
58.1622
95.5739
45.5728
14.7523
16.4665
53.5209
40.4464
74.6404
38.7319
29.8693
36.6456
43.1911
49.6826
16.1766
25.1231
32.1404
37.1038
23.3590
10.2199
30.1080
24.3287
29.3474
45.1839
22.9563
27.8625
20.5143
20.9212
12.5031
14.4335
23.0629
14.2897
23.5265
12.5458
30.8021
38.5487
14.5084
16.2214
23.7934
62.4212
54.3419
23.0793
40.0589
31.0704
20.7762
31.7131
46.4832
34.5868
25.7315
18.7894
16.8601
26.0949
12.1774
20.0431
18.5931
19.8388
26.5959
25.9268
13.5830
19.9447
48.2740
31.1387
21.6590
15.4011
31.6701
26.5089
16.4411
16.1172
35.6297
31.6720
22.3637
29.4659
66.9953
40.8359
19.7695
14.2424
29.5698
30.2043
16.2738
38.9702
38.1857
23.6272
104.5581
33.6564
24.3428
36.5685
47.1005
34.0455
48.2206
49.8544
18.2112
16.3266
16.1037
23.0882
26.4685
17.5310
15.9538
34.3841
71.3650
67.5711
32.4060
40.4359
24.9773
24.9368
28.2767
25.2830
51.3582
44.7590
14.8896
11.4849
16.8132
23.5475
28.1547
14.4697
40.0043
9.9343
24.8901
39.0613
40.7550
15.6493
