6.4189
5.0656
5.7977
7.8880
5.6061
6.1650
6.5793
6.5423
6.6022
4.3428
6.1233
11.1797
8.6381
6.6190
8.2846
10.8158
5.6314
7.2082
5.8066
7.0253
6.2074
6.8849
7.4461
6.4517
13.1624
5.3112
5.7012
8.5225
5.7158
9.7149
36.5282
13.5516
45.2728
66.8942
66.7321
49.8382
133.1580
64.9368
20.8543
25.8038
40.1292
19.8295
29.3819
34.5202
55.1028
44.3243
88.8511
38.8226
41.1741
21.4789
23.1578
23.6355
34.6058
24.4921
38.6061
69.0561
62.1429
56.5637
17.6909
30.5458
9.9740
8.0916
13.2661
7.7172
8.5843
11.0430
10.2585
7.9977
7.1875
9.1332
8.4325
8.8038
12.8739
15.5251
19.3210
25.7657
13.1803
25.9209
19.7969
8.1837
7.3170
6.8019
6.6192
7.7241
8.6307
9.8702
7.3338
9.0792
10.7870
9.6458
8.6192
10.2865
9.5410
9.0028
7.5070
8.0025
8.6598
9.7584
10.6519
10.4546
11.2524
9.8112
8.1126
8.1148
7.7732
8.9505
5.3950
8.0849
7.8799
7.8134
12.4015
6.5284
8.0528
9.2997
11.3534
10.5472
9.4716
6.6947
9.5623
7.8897
79.0482
53.9082
70.1089
45.2149
13.1718
8.0935
14.0222
8.2296
12.2913
36.2382
34.3315
42.5395
24.9693
47.9896
9.6036
7.5360
10.6653
13.0556
11.4631
7.9096
10.1806
11.1116
7.4525
7.6647
8.4605
7.6790
6.8462
5.8037
6.2798
5.3260
7.3019
5.6275
5.0291
9.6842
8.8252
7.4749
9.3864
8.1896
11.0721
40.5573
48.1234
21.6485
78.7827
42.1757
25.7330
13.9613
7.3169
7.9232
7.3815
9.4919
6.7555
5.1886
6.0158
6.6298
6.3548
6.1711
6.4191
4.5663
6.5916
5.8270
6.4353
9.5476
6.7213
5.9395
8.2253
6.5022
9.1237
9.4197
7.5121
6.5006
7.6330
6.0092
7.5960
7.7908
6.8758
5.9049
6.5338
7.9515
7.9369
7.9272
8.7943
8.5271
6.2003
10.3147
8.3914
7.8680
6.9091
8.5759
7.5871
7.9896
9.8547
8.3050
13.8795
10.1603
6.6950
8.9955
9.4636
13.2167
54.1126
63.9208
42.7610
28.4738
68.4964
16.0700
13.2925
9.6759
12.1470
9.2512
7.9785
10.3789
8.0472
7.1696
11.6786
17.0587
34.1270
8.9729
10.9616
24.2250
26.2410
27.6077
