21.6455
28.3204
40.8781
26.0144
19.7511
15.7910
25.5185
30.3098
28.7144
29.8352
27.5533
24.5378
30.4899
25.7614
16.2199
37.6224
22.0102
24.1451
21.8053
19.9965
31.0253
20.8552
26.1389
18.5782
19.1586
27.0723
26.7070
36.8185
28.3414
25.9163
9.4786
12.6516
9.1703
7.0877
10.9839
7.9877
9.1538
11.7208
11.7780
11.4327
8.8468
9.8674
9.4237
10.3883
10.0647
9.5871
9.5925
8.9943
11.7477
11.7479
9.5711
7.6222
8.0758
10.2508
8.2651
7.3353
9.0279
6.8045
8.8041
9.4223
31.7717
13.8864
20.0612
36.1882
31.7941
38.4291
50.3397
64.6227
57.2711
35.0219
32.9290
21.1489
38.5252
46.1274
46.7041
45.9928
40.6795
40.6257
31.9617
22.9313
47.3804
31.3678
47.3323
18.1436
41.1184
48.1404
36.9344
34.2620
18.5413
20.3019
19.8754
15.1704
15.2001
15.3440
20.2147
21.1684
18.7781
17.6074
31.3827
23.3925
27.8821
25.7041
37.4968
28.7796
18.1680
20.6236
17.9904
16.9774
18.5433
18.4234
24.5671
21.5056
20.3658
21.5901
15.2088
14.2332
15.7657
16.4922
12.7348
12.5345
16.6299
25.6174
17.9729
18.0915
29.5833
24.4820
25.8362
25.4398
22.2785
20.9599
23.1256
24.8289
19.6844
23.0142
30.0160
22.7162
21.9186
22.8371
21.1132
22.1744
19.4782
21.3235
20.9499
21.8739
22.9429
26.9765
24.8243
20.2448
18.0079
18.9101
16.4131
19.8670
25.9816
18.6854
20.3836
23.3119
16.0446
22.2604
18.4946
20.4314
19.6923
18.8703
20.2846
17.3474
17.6460
28.6490
13.6073
20.9131
21.3274
25.4555
19.1591
23.8549
18.7672
15.9361
17.3801
17.3299
15.6330
22.0429
16.2908
20.9154
23.3729
20.5014
18.5630
22.6655
19.8036
19.9788
20.7436
20.6995
22.4137
20.9518
19.3056
16.5704
18.8914
19.1192
16.8082
15.1743
18.7255
17.2667
16.5209
19.4403
19.8024
20.2521
26.7693
26.9380
19.1236
24.6595
21.3511
17.7979
30.8672
20.2185
22.9830
19.5910
31.0583
25.2532
31.2491
35.8851
38.7134
28.3143
28.1977
19.5104
28.2676
25.1315
28.6051
26.4833
29.1910
27.1729
26.6749
24.0179
28.7440
20.3069
28.0664
30.4225
23.4952
20.9448
43.7151
21.3253
18.8827
24.5503
23.3365
18.7007
