15.5104
27.3284
32.5182
20.4880
19.0463
19.4741
23.9999
18.2107
37.1187
42.0067
23.3929
17.3139
16.1181
14.8880
20.0149
21.1566
17.5524
16.3100
21.8064
17.2160
33.3143
15.7761
19.7860
24.1068
19.7122
21.4841
20.6680
21.7775
25.1559
28.8833
79.5254
51.8840
59.9535
56.6747
61.8142
49.7575
51.3494
36.2188
51.8694
65.4417
42.1653
34.9727
44.9997
31.4783
52.2217
33.4893
32.2611
50.2341
51.7030
41.8939
52.9262
43.7864
44.2210
48.7468
61.0351
48.0858
87.6262
88.3113
56.0021
67.8894
48.6176
42.3880
41.1262
29.3651
30.7894
26.4194
26.3196
53.2198
44.4596
29.0359
30.8458
23.4585
21.6818
24.0573
26.6230
32.4623
38.3003
55.1396
73.9468
66.9979
98.8727
57.0097
30.5885
48.4109
34.3656
25.7121
29.1982
24.1520
28.3277
54.8366
45.4027
33.0742
18.1132
21.0435
35.8957
24.7860
15.7955
19.4729
26.0790
35.4776
31.0102
17.5000
15.4428
20.1957
21.7939
25.7528
18.6818
16.8853
18.4799
16.9674
22.9612
23.1457
26.1028
19.1687
18.1633
11.1283
24.7436
17.0252
47.2751
30.9629
97.7988
65.2342
89.7575
80.7480
39.5620
61.3108
43.1675
44.7588
86.0033
74.8512
37.8695
97.5665
78.3819
49.9921
84.2912
90.3365
26.1516
57.6803
98.3590
56.8952
50.2550
56.7528
49.7423
51.8478
37.0533
137.6749
50.4219
62.6082
38.4147
42.2822
36.7434
105.5345
108.6911
73.6004
75.9265
60.4933
43.7269
80.7536
37.9514
103.2684
46.6214
40.9982
63.1695
99.2203
91.4156
59.5695
33.7999
89.4809
74.4726
63.8411
71.7713
38.5657
78.8837
59.6683
60.7567
71.3102
80.5552
39.5475
94.5800
94.4884
39.3520
49.5599
56.0620
43.6344
45.3366
38.9122
48.2442
34.0588
48.5394
86.8410
96.0485
49.9585
52.6838
60.1895
36.1887
64.4914
36.5156
78.2109
58.6510
34.3238
65.6742
61.3691
97.4679
59.1280
74.0918
55.3424
60.5081
90.9908
56.8196
45.9189
203.0428
107.2173
70.0304
45.8976
36.9615
92.1723
36.0808
38.9437
111.2041
81.1794
88.8919
37.8830
77.7352
79.9804
77.4488
66.9154
34.6300
37.3068
29.4425
24.3400
41.5890
19.0661
15.1509
18.4512
20.3311
111.6673
46.6141
20.8697
44.2515
29.2621
