74.0273
66.0121
71.6938
50.7846
55.6194
110.9907
156.4854
133.9294
97.8850
180.5512
126.5888
150.6814
107.9890
107.6974
100.6661
152.1322
93.4537
72.1684
109.1188
122.1275
112.0845
112.2641
125.3287
123.3315
64.4860
100.2512
81.9207
78.0977
138.3969
109.9641
95.7897
109.6940
112.8915
63.2934
82.5177
48.4612
118.2998
94.4663
122.6233
51.5335
87.6756
63.8306
60.1026
46.2892
40.1376
77.9445
139.4775
138.3297
148.3620
160.5256
116.9344
144.9090
128.3647
107.9371
100.7696
97.6766
137.6727
150.2657
99.7732
101.8361
167.4370
190.5598
208.8920
177.4199
212.9035
156.2994
153.9170
139.5187
84.7020
118.7392
114.3182
95.7020
98.3864
96.0905
67.8450
123.8133
136.4348
80.4894
143.7747
157.9682
154.8967
81.8029
132.9814
104.1265
172.3278
99.5533
88.5339
83.3994
72.6613
107.0654
117.9459
176.8510
151.3991
105.3509
114.2575
98.3793
129.0000
156.6590
97.1708
157.4729
117.5134
121.7696
124.1154
119.0222
131.2585
144.3110
162.5536
105.9512
125.8952
141.9328
110.2843
117.3802
98.6710
96.5228
74.6584
107.1440
97.6779
114.9270
66.3605
105.2833
139.2158
86.9693
87.1096
133.8529
81.4478
78.8480
86.5208
97.8596
147.4118
110.5941
120.4151
120.0901
113.1234
106.0091
92.2355
98.5542
113.5197
88.6191
80.7455
74.3655
33.1161
73.8386
34.8280
139.4589
7.3782
0.0083
79.1695
180.0213
66.0464
38.0987
51.7049
120.3705
142.9587
132.0202
124.6965
112.8305
113.8615
136.3561
117.8579
95.3653
121.9558
100.6967
108.4382
118.2796
112.1516
73.0175
131.6670
82.6545
23.2571
50.4686
76.7040
106.6025
110.1388
103.3438
120.0809
179.8461
98.0496
127.7452
139.4850
109.1211
135.0527
114.6226
96.0818
118.7481
165.9806
128.5859
102.2350
110.0964
153.2533
159.9558
125.1884
134.2014
105.3392
166.0274
153.4821
136.2036
115.4759
122.8203
172.5013
121.7548
111.7033
164.8496
125.0788
182.3620
144.7595
92.9216
117.4797
136.5446
103.4755
124.7462
41.5758
112.8333
128.6220
127.0629
159.3545
154.4257
164.3067
192.2590
103.5122
157.5981
153.3544
137.7547
111.8951
161.6396
134.1615
120.2754
148.9636
129.6358
122.2810
117.4228
111.3575
121.1359
107.9124
47.9925
123.0404
109.1059
98.4397
100.1709
114.7857
100.7618
