8.4678
9.7953
11.5329
10.3979
14.5590
17.1776
17.3978
12.4183
15.9786
19.7630
13.2893
11.5445
7.4927
6.8425
9.3123
8.3020
9.3819
11.4654
9.8790
10.4024
7.5784
8.1326
6.0714
5.6876
4.5652
7.5531
5.7908
4.9126
6.6983
8.2123
8.4467
7.4472
7.3446
8.0435
8.9188
10.5052
8.7709
6.6860
8.8889
5.4457
6.2949
6.8926
4.6474
3.4555
5.6693
9.6833
14.7673
10.6475
9.7504
9.9710
6.9747
8.9575
7.3482
8.7129
7.0688
5.5212
5.6555
4.7323
6.1957
8.2023
19.1189
14.2795
22.3379
16.8422
16.9748
10.3181
10.1972
8.6183
9.4321
6.8548
8.5590
8.0430
10.0947
8.9573
8.7862
10.0782
6.7535
9.3021
8.4252
9.5099
9.3089
8.3496
9.9586
7.4365
8.3034
9.1762
7.9088
6.0809
4.9837
7.2036
10.3062
10.3618
8.6654
7.0512
8.5144
8.2717
6.3576
5.8944
5.4997
5.6688
5.9879
5.6724
4.3886
6.5742
7.4543
8.7525
7.1866
4.5941
5.5690
4.0173
5.5553
8.0604
4.5073
6.1863
4.1781
3.7485
2.4379
5.7958
4.2823
2.8709
8.2499
6.7289
5.8526
6.1905
3.5319
3.7288
5.4997
4.8521
5.7728
3.4264
4.6005
4.4829
6.7439
4.5372
4.5148
3.4615
3.8321
2.2654
4.4790
5.0359
10.9339
14.4031
13.1324
13.5803
0.0777
0.0017
10.8720
25.6220
9.7214
5.0988
7.3623
12.5561
9.9900
8.7300
6.5727
7.7305
6.1219
9.4768
6.0139
6.7818
13.0427
9.7321
6.3502
6.1512
6.7364
5.6293
7.5653
8.1681
1.0607
3.2047
5.4481
8.6694
6.7660
11.7109
10.9389
9.5991
7.6694
9.0037
11.6331
12.9629
8.1477
7.2429
7.5172
6.5071
6.4394
4.0728
5.9756
6.8595
6.1621
6.1599
6.9144
4.9640
5.4955
4.6571
6.7388
4.3135
5.1173
4.4941
6.5366
5.3249
5.8847
6.3168
6.2855
11.0916
8.8377
9.0388
7.7193
9.6405
7.2605
4.6538
6.0943
12.5617
10.0041
10.1159
10.2219
10.0993
8.2905
5.6476
6.9470
6.0561
6.5100
6.0988
6.3416
7.3553
6.9863
5.4679
5.7312
5.9515
6.8127
5.4704
5.3251
4.8114
5.4121
7.7142
6.6150
6.8323
7.2530
9.2568
9.7008
10.9063
