31.0547
51.0538
105.8473
45.2215
46.4152
47.0756
46.1316
36.1440
58.9854
43.5004
59.2381
16.8099
27.7870
22.2392
60.3791
33.3025
27.5488
28.9832
66.0679
31.5388
62.1784
32.7121
22.3280
31.3426
42.0221
31.1550
37.0247
25.7576
46.2714
37.4973
134.3652
83.3009
104.5125
67.5071
104.5712
41.0306
104.8728
97.5034
91.4218
64.9173
77.8062
58.3779
105.1677
61.2961
83.4479
44.7916
78.2035
57.8791
62.7194
97.7222
84.1384
85.9589
86.4509
85.5462
113.2105
63.5997
96.9138
66.4683
133.3597
163.9841
157.9553
92.1022
87.5664
48.3784
71.2043
33.5580
37.0636
82.7206
118.4236
52.7324
103.4872
57.4093
55.9460
65.8128
68.6746
79.2374
41.4650
90.1783
93.8528
207.2904
197.3157
70.9258
68.6474
51.1025
62.3482
37.5779
55.4619
44.0143
107.5439
56.5589
86.9925
65.8305
36.4575
56.5572
103.0202
46.2868
32.1152
32.8468
57.3492
86.4222
75.9589
29.5629
34.3591
27.1627
61.5999
27.4688
39.1886
49.2956
35.4858
27.2960
53.1172
60.2486
63.0788
43.3446
48.8721
20.9147
44.0141
46.5082
108.5281
48.0356
68.4570
103.8182
33.3619
32.2368
74.0376
81.7284
47.6299
101.8651
75.9760
75.4719
40.8753
108.0103
124.2473
57.9526
60.6725
73.9898
60.3656
99.4979
65.8939
62.0714
34.3469
78.7890
76.5022
90.1880
42.9752
81.3270
38.8117
63.0816
66.7306
65.7185
56.7429
71.8530
71.6910
91.5580
63.2739
75.9630
105.7894
66.6558
57.2465
85.6978
61.4161
119.2395
52.1943
71.9522
75.7656
108.1185
60.1646
80.7369
105.8578
86.5647
99.8270
82.4876
36.6245
70.0582
61.4294
94.4428
72.5381
47.2882
69.5264
125.9081
83.7160
33.8844
59.4555
35.2607
92.3279
58.2287
90.3287
24.9100
102.4249
34.9962
68.0727
87.9320
48.3848
97.8453
66.5318
78.3279
72.5784
80.7725
52.9381
55.8128
88.8893
54.4187
80.8950
81.0795
67.4548
70.7904
69.0446
77.2835
49.2589
97.1685
300.7766
120.2273
129.0307
59.7308
45.5678
121.6567
82.9772
69.0231
66.3781
70.8563
114.0320
67.3313
112.6624
155.7996
118.1019
83.8027
72.3696
65.4346
50.6136
31.9961
79.9289
59.0341
30.7024
44.9673
60.7131
202.5278
132.7472
42.1891
128.0779
81.5600
