176.3131
150.5097
151.9720
129.2838
102.9614
96.8189
118.4025
177.1135
203.8373
240.7700
247.9760
233.1223
262.0584
209.4270
258.0093
297.8465
381.1456
269.0232
140.6781
186.7738
153.1263
265.4296
227.8288
159.1519
198.1956
144.9887
153.1707
141.8282
115.8479
92.5475
201.9741
127.9700
179.7242
137.2178
190.4528
247.4086
217.6273
179.2348
121.6618
53.3044
128.8074
143.1606
125.0611
49.4124
116.4592
98.0234
260.8288
230.3736
352.8090
333.7806
280.5750
204.5736
217.6337
230.5890
198.5596
145.8606
242.8258
219.1462
239.4363
127.8358
424.8554
383.7426
373.2960
237.5952
191.2092
345.1235
347.2500
203.1226
207.1249
342.4832
295.4816
271.3495
153.5921
88.1265
136.1086
154.0041
143.6993
133.4465
127.4884
171.6853
163.4604
108.9727
296.8263
158.6672
194.2652
173.6984
202.0203
184.8854
162.7461
138.2087
330.4663
223.5962
343.5599
236.5855
145.1231
399.0272
158.8927
216.1801
234.3918
204.0604
194.5140
181.9630
146.9240
177.3450
136.2031
133.8519
147.2688
226.9210
177.3363
143.8224
177.0336
176.5761
108.9680
302.4666
106.5527
233.3444
210.4885
288.0190
109.1729
160.1320
194.4051
222.6752
214.2926
251.3199
254.0308
153.2896
158.7555
146.7664
224.5436
217.9599
141.9473
113.7919
227.2020
85.7310
187.4182
101.2466
109.3016
160.7121
143.8137
119.3922
153.8566
134.4589
107.5505
249.5714
21.5945
0.0156
155.4060
283.5840
74.5745
34.3194
114.9010
270.3438
289.7837
280.8842
312.9321
249.0345
359.1908
266.8021
260.9818
270.5329
237.1430
351.1145
137.4091
213.4675
313.9857
153.6693
220.1875
191.6905
21.2394
58.6453
140.2239
121.9102
243.3085
315.8133
269.5681
195.4309
178.8414
159.7991
215.9104
194.2927
332.0965
294.9981
238.8646
274.6412
304.1853
307.2292
257.0435
274.6893
263.3355
212.1514
191.4827
235.9768
167.5899
171.8861
193.4946
196.6430
202.8505
209.8145
247.4512
153.5306
205.2963
191.7399
230.3525
176.2822
171.7893
161.7991
147.6443
188.9204
152.9838
254.8129
115.9179
218.5555
226.4748
282.2026
258.8091
298.6366
339.9596
391.6021
338.1456
332.4280
246.8172
347.3526
221.5667
318.7828
268.5860
295.2944
203.1328
255.9309
320.5771
240.2299
239.3798
266.4600
241.5193
298.2739
232.0066
293.9113
306.8228
271.9311
423.2779
164.4104
