362.6916
477.0694
300.2963
305.7912
224.5177
212.5337
330.0178
333.2941
334.5327
358.2584
339.9291
366.7787
356.0517
249.5864
158.7749
234.9086
280.9373
271.9916
463.1626
352.7189
350.9031
529.5726
422.1272
293.7712
252.9775
153.2087
200.6676
95.2511
129.1033
103.3886
341.4407
373.2782
361.9200
206.1156
135.7040
169.9450
225.3792
201.7118
192.6393
229.8199
145.7328
181.9886
283.1324
211.5494
288.2106
211.2623
283.6000
200.4218
304.9830
213.4663
133.6239
193.6251
469.1691
158.1027
173.4788
174.1274
344.6954
222.2505
364.6710
238.8524
214.9494
123.3704
297.7823
262.5972
228.9081
201.0332
317.0709
183.5695
172.0261
265.6103
198.9143
187.7161
202.5788
222.5504
245.3422
312.6809
266.8603
209.8042
382.9833
583.0582
332.7332
464.6809
173.7824
201.0318
367.6764
345.9472
113.9971
226.0753
192.3070
204.9979
418.9519
381.7869
334.2960
414.5183
265.5427
290.6828
409.4336
509.0162
212.6778
254.5078
268.2231
333.0615
297.7683
145.4463
230.6799
245.1420
376.8110
298.9213
121.6798
272.9020
318.4431
161.5066
229.9231
384.6512
144.9278
110.6579
218.1379
226.8264
211.1938
225.3653
241.0440
153.5783
261.0856
279.9343
257.5462
249.5011
246.5717
332.0296
242.7966
294.3892
374.5419
274.1611
332.1006
385.7520
405.4579
286.1006
384.5357
340.5840
331.9893
310.9809
316.2138
315.6053
288.7728
300.9556
358.8941
383.1633
398.7559
280.6333
274.3531
224.2098
284.9827
356.7428
298.5069
415.6984
469.3973
469.1825
311.6780
268.1089
323.1653
341.8709
327.6533
338.0071
226.1988
319.5739
320.9539
345.6407
252.3445
198.8226
297.0812
291.0961
386.3613
253.6119
222.9487
352.0423
266.7440
202.6613
223.9535
301.9833
134.3401
266.0127
190.9264
225.3858
367.7431
181.3024
153.6649
299.1788
191.8293
593.1652
250.5000
448.6537
375.6972
444.8829
468.3925
482.0367
253.1231
418.1454
310.8074
240.9208
414.2227
261.7068
197.1449
411.3570
312.4497
270.4269
564.9835
453.2841
489.8028
173.6397
276.8212
353.0174
311.9193
215.7373
330.3984
524.2600
304.0791
247.1933
425.0855
469.3413
371.9505
380.2461
422.9798
439.4728
383.3418
576.1791
428.0563
365.4111
467.3971
310.6542
487.4782
230.2374
177.9525
467.3820
343.0123
253.4948
245.3602
388.3358
313.5894
201.5143
293.0497
238.9936
