165.1084
226.0309
200.7405
168.0398
165.2007
227.3769
120.6161
91.4354
124.0957
110.8983
137.3248
112.2780
120.9655
114.6869
67.5577
112.8417
104.8106
91.1238
123.2661
180.9220
225.8857
191.0749
217.8773
134.7485
161.1794
190.2123
209.9667
88.6538
108.6499
109.3870
214.9413
230.9987
198.8175
115.0511
56.5683
81.2316
90.6087
119.8701
121.7229
73.9976
103.3431
82.2409
96.4258
99.3620
156.0270
131.2775
123.8871
174.6346
129.2626
143.2925
219.0902
230.1420
250.3825
164.7466
143.1958
228.4349
170.6222
189.8904
244.6565
194.7209
113.2269
67.6129
175.4555
115.4807
115.4771
73.5735
119.2563
120.8587
128.6758
155.6942
160.5226
244.4935
146.2289
117.1899
180.1556
191.5787
245.5525
222.8982
196.7662
310.2432
235.3369
288.4446
208.2073
88.8758
178.2576
189.6889
118.7800
198.5336
170.3642
136.8425
282.2104
153.4418
171.4934
267.3557
108.1503
189.8103
164.0817
306.6809
179.0911
281.5981
179.1738
266.1766
162.0709
206.6623
187.3065
229.8126
213.4174
128.0057
110.7784
126.6287
190.6840
125.9994
109.5074
172.7634
144.6792
103.0876
165.6716
139.0174
198.8505
90.2040
122.8472
99.3495
144.7652
127.2910
110.4959
141.1614
96.7041
174.2239
121.2659
162.9298
168.4086
173.3349
171.1222
140.0786
132.0425
173.2529
142.5138
132.3013
139.9069
119.8899
154.4121
154.8200
138.3411
124.5133
110.3260
217.4581
207.5481
156.9511
229.2690
157.5599
173.1833
214.9942
215.9795
164.9133
205.8883
238.0101
166.0442
169.8580
131.4235
171.9788
158.0774
143.1922
151.1080
221.7489
199.5001
165.8076
140.5785
132.2285
172.7660
141.4911
144.8791
190.1407
124.2882
177.9180
126.8920
141.0781
170.4235
114.6602
120.8932
149.3317
79.2021
138.2157
146.2395
140.2018
132.3483
153.5898
85.4903
239.8823
163.0288
174.2136
183.4869
203.5688
178.2140
215.1578
138.8099
163.7577
116.4974
119.8620
218.2615
121.1911
97.1457
197.6300
128.2015
219.0023
211.8467
190.7874
239.1173
252.9309
140.7589
121.9242
177.6573
122.7809
180.2409
191.3652
235.9373
229.6997
173.3498
160.1232
143.7670
218.1116
150.2057
166.5648
157.8547
186.5588
168.9613
225.8993
158.2325
121.5153
147.9190
136.7896
127.7238
159.8936
139.5209
132.1447
121.0875
130.7704
111.8323
152.6693
133.1816
129.8800
