43.8093
47.6663
39.2449
36.1366
31.6071
34.4241
48.1996
50.2943
60.1147
60.6501
49.9709
40.7555
59.7621
46.7601
36.9898
59.7229
36.5043
38.3571
34.0280
43.4491
44.5328
41.4705
34.2347
38.5161
47.7518
45.2215
43.5613
60.4772
66.4019
50.8398
24.9822
37.1176
30.0520
25.8602
36.1560
23.8304
29.0914
34.0708
22.3570
32.8184
33.2966
32.0205
29.3426
25.0254
29.3527
33.3273
19.4263
32.9462
41.8417
46.1400
28.6106
30.9470
32.5017
31.0212
25.4385
35.8716
31.4304
33.2202
33.6009
32.7787
38.1091
31.9652
45.4334
41.0870
44.1072
51.6367
49.2394
85.9335
65.1297
55.4154
39.4824
30.9898
35.8171
53.0386
83.1670
57.9592
64.1927
43.8908
58.3376
50.0542
61.3521
40.4762
76.6004
36.7268
64.6818
50.6049
36.4152
47.4192
35.6382
28.3477
39.3548
30.7703
35.9747
44.2410
35.5097
44.0291
46.6712
59.7043
36.9591
48.8659
40.1987
42.8315
44.1103
47.4808
51.0270
49.3896
35.8359
33.9020
47.6489
49.6360
38.8615
68.9085
54.6066
43.4296
41.5105
36.6438
40.2807
29.8173
43.3687
32.7613
38.2199
38.8995
43.8067
37.4363
45.2297
48.7577
39.9641
39.5604
39.4011
48.5547
63.7099
53.5449
50.0636
43.0568
51.5463
53.2346
38.8705
30.0049
39.2476
54.5358
35.0685
47.4760
65.8932
63.8295
43.8324
52.2767
55.9814
48.9211
47.4765
66.6818
42.6033
68.9869
52.4736
45.0189
65.5637
79.7837
60.2864
69.0992
58.7561
50.0812
53.2129
57.0662
58.9904
50.6638
56.8029
82.5376
62.2951
59.9003
78.5456
83.8113
61.9465
74.1252
58.6341
54.2068
69.9221
67.4040
56.3309
41.3323
73.4560
57.9238
37.8654
35.0091
46.2016
37.3092
40.1642
50.0473
45.9126
39.9677
47.3503
49.6589
43.9758
52.2675
51.8832
66.0099
44.7326
41.4531
35.4082
49.4419
56.0725
53.9413
55.7267
44.2165
46.8535
62.3124
43.2849
46.8490
55.9561
47.7756
48.4106
60.6916
59.8656
50.1067
60.7433
73.6331
57.3646
82.9546
82.5520
91.1920
66.4252
66.6890
66.9013
64.5389
61.6159
77.0257
63.5636
72.3492
91.7688
71.0955
94.0774
109.4936
58.0237
73.0862
79.9069
74.7362
98.1875
47.5922
67.2110
80.5377
78.8348
89.7118
