66.7215
106.5371
128.6019
80.4273
76.8938
71.8662
99.6432
94.8400
181.0702
148.2691
172.5596
149.4570
151.0832
82.7425
105.2501
96.1430
105.0679
96.4712
107.0143
137.8819
104.4349
115.8587
111.6222
115.8118
100.6111
104.8386
97.1935
75.5962
64.3576
52.1257
60.3292
74.9352
98.9882
152.5381
89.2819
103.5249
125.9128
126.0955
104.7343
97.5689
70.1912
65.7004
93.9487
99.1618
46.7092
92.3931
80.2858
78.7071
84.2790
78.1678
102.8809
88.1024
107.6661
85.7034
109.5045
106.2347
83.8179
113.9614
80.8520
115.3728
90.9154
64.6505
136.2294
82.2994
73.9769
78.5329
77.5696
112.4677
96.0238
103.8028
83.3143
98.2270
105.3819
93.4173
110.2607
104.3729
130.5222
97.0071
118.8736
100.9558
80.6697
76.4223
108.8050
55.3051
60.0716
71.5891
43.2191
60.1337
53.3068
25.6989
80.7354
103.0438
122.9861
97.3473
120.2383
102.6849
93.7403
118.7690
111.9850
89.0952
96.9324
109.8675
105.1615
143.9744
108.2162
83.5068
111.6434
91.3952
86.2761
87.1783
77.2437
81.4062
105.5039
90.7661
91.1795
84.9700
91.1850
57.1537
116.5093
81.4727
89.6338
82.3303
88.8791
115.0881
70.3464
61.9822
88.5449
97.6431
112.8343
111.1575
167.9721
126.6320
144.2868
119.5750
118.2714
92.8613
91.0763
100.7322
79.8215
115.9659
55.5878
113.8998
135.8678
117.8866
76.4245
101.2924
103.5271
129.7557
106.1713
160.1120
148.8741
128.3498
119.1945
118.0370
120.8865
186.9490
128.5316
126.0802
95.8162
154.5382
129.6290
203.6873
180.7488
135.7083
128.8551
135.8389
100.5753
189.3603
162.6748
118.9434
103.8399
119.8390
107.3866
76.9296
168.3218
138.7958
117.4208
136.0703
209.1442
146.5572
77.3755
79.0003
110.1201
74.0775
97.6507
120.9929
136.7754
125.9155
87.0728
93.6648
144.8307
175.6442
141.5518
78.0593
100.3142
110.8872
85.0114
104.8037
197.9797
79.2355
107.6618
127.4186
103.3287
101.5414
118.3539
121.5656
74.2945
94.1982
106.5616
111.4917
133.0522
140.5907
172.6177
124.9288
191.7349
155.7039
171.4280
208.0221
195.7190
202.7775
173.6713
178.7186
114.9081
119.5229
180.0814
143.8222
233.2046
153.2355
161.5287
118.1663
258.2138
199.2208
207.0001
235.1230
174.8693
156.0393
189.4288
153.3024
199.4327
179.0346
