4.2552
5.4112
6.6517
4.8116
3.1870
3.0776
5.0303
5.9110
5.2058
5.0981
4.6312
4.4833
5.7416
4.8448
2.9180
7.2659
4.0466
4.0200
3.2642
3.2303
6.1315
3.4758
4.2050
2.9175
2.8152
4.2561
4.0955
7.6424
4.8859
4.5505
1.4121
1.3606
1.1913
1.1438
1.4220
1.2508
1.4182
1.3878
1.3517
1.4912
1.3514
1.3682
1.3637
1.3929
1.4448
1.3504
1.3818
1.2981
1.4139
1.2770
1.3115
1.3560
1.3006
1.2983
1.1855
1.1721
1.2502
1.1529
1.2106
1.4209
5.4213
2.7776
4.3597
6.1560
6.1835
7.6941
9.9599
12.9340
10.9689
6.8568
6.4082
3.8682
8.1197
8.2667
10.0225
9.0441
8.1166
6.5210
4.7408
3.8605
11.0041
6.1253
7.8465
3.4597
8.8204
9.1596
6.8244
6.2852
2.9766
3.3950
3.8298
3.1089
2.6314
3.0499
3.4958
3.0946
3.0176
2.6227
5.4358
4.5401
4.8103
4.5910
6.6090
5.9088
3.6893
3.7363
3.2190
3.1960
4.1678
4.0545
4.5021
3.1501
3.1869
4.3713
2.3359
2.6249
2.6422
2.8617
2.6731
2.4958
3.3536
4.5429
3.1018
4.3203
5.6935
4.9222
4.3440
4.1330
4.1721
3.8361
4.4103
4.2317
3.7453
4.3866
5.7901
4.4963
5.0993
4.5834
4.3793
4.0534
4.1559
3.6096
4.0953
3.4712
4.1795
3.9961
3.8031
3.8870
3.5641
3.2147
3.2170
3.2349
4.6249
3.7725
3.3032
4.1615
2.8469
3.7559
3.1003
3.6042
3.2730
3.4137
3.7940
2.7337
3.4072
3.5478
2.6430
3.0510
3.6352
3.8152
3.5686
4.9759
3.5599
3.2209
3.2286
3.2290
3.0855
3.9797
2.9270
4.0259
3.8899
3.6623
4.1455
3.8666
3.6006
3.2682
3.5716
3.6489
3.5433
3.5532
3.4564
3.4722
3.1202
3.4404
3.0182
2.9229
3.3770
3.1439
2.9612
2.8613
3.2645
3.4984
3.9130
4.6731
3.1165
3.1709
3.7570
3.8246
5.1169
4.3349
3.7514
3.2795
4.6554
4.1210
4.3714
5.9258
6.6408
4.1305
4.2856
3.0006
4.1918
3.3853
4.3554
4.3521
4.1957
3.4804
4.3694
3.7627
4.9593
3.7085
3.7919
3.4701
4.2447
3.8304
5.9554
3.2379
2.7077
4.4027
3.5672
2.8750
