124.6349
126.2623
90.4616
108.3319
77.4545
108.3132
90.0377
102.6379
97.4750
122.5405
92.8256
110.8969
82.9995
81.7800
92.5240
101.4612
113.2340
90.7447
79.1562
78.6512
75.6547
126.5605
75.4725
85.6756
57.9808
57.4622
75.9947
71.6718
65.0948
71.0450
72.8110
66.6834
73.0525
100.4320
86.3246
90.5246
104.0453
63.5003
66.4462
48.8471
92.8773
101.3487
103.8974
76.4627
52.5037
104.1904
115.9240
79.4073
101.0414
96.0557
82.2203
73.5828
70.8609
75.3771
62.5983
54.9975
86.3967
80.7257
79.3202
104.1795
147.1783
146.7439
153.9261
115.2242
130.2644
113.1653
117.6368
95.6799
70.6260
111.1743
84.2739
86.9627
85.0761
94.7942
96.5464
97.3306
78.2178
57.8726
68.4916
91.5465
113.0815
56.5824
80.4838
72.5722
110.1510
72.2722
111.1309
77.2344
88.6056
74.6943
93.9672
109.4490
122.8762
75.1258
78.8010
108.9527
98.8932
86.5596
70.7218
96.0438
89.1428
69.5782
67.1242
93.5132
83.6088
79.0630
80.9435
67.9177
93.0991
110.4095
78.2649
70.9627
65.8611
118.6628
70.5759
108.2569
68.7553
121.2827
55.8051
75.1484
89.9322
73.3000
63.9815
134.3035
83.5487
61.6359
74.4663
67.2375
77.0600
80.4092
81.9505
57.2236
116.9913
51.5997
64.8070
61.6034
65.5261
59.2311
62.1199
83.2945
129.9106
117.9964
100.9765
90.3355
49.2952
0.0657
99.5045
178.8821
88.9303
22.7422
55.7680
95.8682
96.6853
97.2194
151.9167
149.8895
94.3425
113.8828
92.4076
79.8378
94.6371
97.9921
90.3558
102.5039
125.7367
80.0222
75.7853
75.8564
9.5398
34.1971
56.3720
73.6365
110.0582
100.0448
117.6326
102.2228
156.3632
101.4904
138.6951
89.6007
124.8421
82.2673
77.6828
83.9281
92.1025
96.1417
76.3414
93.2422
86.9027
78.3262
85.2228
82.4279
99.7718
79.0850
94.4021
88.1983
73.9226
85.9684
77.0017
80.0351
89.1985
134.9031
88.0593
105.0959
96.8613
87.0766
78.7059
89.1269
79.6561
143.7906
34.5960
75.6849
100.8252
112.3770
120.5309
106.9927
101.4294
124.2223
116.6535
98.7987
83.6010
118.5117
79.5200
101.4099
90.8878
99.9601
98.4064
108.2711
104.1512
99.7226
105.2107
105.5266
97.9011
117.1678
107.0682
105.6280
99.7870
95.3116
162.9759
68.9207
