49.1334
51.9665
60.7807
56.0306
87.7023
100.9788
91.2143
68.6253
77.3912
110.9682
67.6070
76.0457
44.0208
33.3329
53.2524
43.7292
56.0834
65.3550
53.5935
58.1487
43.0167
51.0411
35.2229
29.6034
25.0767
45.9241
26.6004
28.8527
35.5073
44.5643
51.6330
35.2741
40.9796
42.6629
55.3495
55.6027
54.4822
34.8163
49.9879
30.1395
31.9873
37.3649
26.7788
17.6936
33.5748
47.6687
90.1949
49.8968
53.9094
56.2799
43.2711
46.0855
47.2919
53.6561
39.9644
29.8186
29.0486
26.7813
34.1365
54.4202
112.6757
86.6716
123.3989
100.9368
99.5747
60.3535
59.9711
56.1311
58.6349
37.4868
49.3130
35.8520
59.4217
44.9289
45.8714
55.4422
32.6172
50.7874
47.0034
57.8168
52.2000
45.6087
55.3253
38.2566
44.4928
48.8018
42.9303
27.9704
33.0901
39.3826
53.3369
57.9744
50.0832
33.2268
47.1373
52.4740
33.8300
27.2316
27.2077
29.7703
32.5645
27.4032
28.2114
38.8125
44.0895
46.5451
40.0995
24.0210
37.2641
19.3263
34.5450
38.8553
27.5685
36.4292
29.3620
18.2335
18.6409
34.1248
28.5837
17.5864
38.8962
31.7243
34.7389
30.7834
18.9703
21.5424
32.0225
27.3263
27.5978
19.7829
25.4529
23.1372
34.0155
26.1908
24.4676
20.2980
17.8638
13.7686
25.4266
33.1141
53.8864
75.3761
70.3274
67.2225
1.0218
0.0034
62.3689
144.9983
65.5382
27.1422
36.8041
75.8073
58.3084
56.3537
33.8030
42.3412
35.4466
55.3937
29.7854
37.6026
62.1064
55.9004
32.6174
37.1416
33.9082
38.3928
38.3825
45.6969
6.3975
13.8376
29.3392
47.2080
35.5246
57.1362
58.0930
50.3585
37.4057
51.1781
62.8912
64.9623
46.0173
32.5235
41.9541
41.3667
36.4251
22.6005
34.0370
34.3638
33.8262
33.5812
43.1648
29.3279
33.0847
30.1305
30.2344
29.7961
28.4604
26.9393
37.2965
29.9597
40.3516
38.5357
37.2832
58.3482
49.1509
53.9112
40.1840
41.8410
39.3477
28.0097
37.7675
74.3279
51.0530
59.6069
60.7699
57.1962
39.3772
35.0056
38.8847
34.8555
35.2594
34.8374
34.1865
43.2656
38.1461
27.4936
35.0048
34.3335
36.2981
30.5681
26.2162
24.5442
30.5501
42.7126
34.1602
32.8848
44.5361
50.8623
54.5674
56.4639
