1.8366
1.8402
1.9672
1.8591
1.7544
1.8616
1.8111
1.8777
1.9138
1.7352
1.8022
1.8881
1.8402
1.8167
1.9506
1.8283
1.8402
1.8404
1.8108
1.7706
1.8660
1.8922
1.7705
1.9166
1.8592
1.8037
1.7726
1.8248
1.9256
1.8182
1.1723
1.2957
1.2639
1.2677
1.1724
1.2678
1.2677
1.1520
1.2396
1.2334
1.2171
1.2399
1.2714
1.2205
1.2576
1.1719
1.2538
1.2861
1.1993
1.2137
1.2228
1.2412
1.1488
1.2606
1.2137
1.2129
1.2658
1.1689
1.1432
1.2160
1.1411
1.0793
1.1371
1.1069
1.1852
1.0745
1.1604
1.1497
1.1500
1.0833
1.0690
1.0931
1.1122
1.1364
1.1351
1.0925
1.0273
1.1132
1.0915
1.0663
1.0785
1.1710
1.0626
1.1147
1.0303
1.0460
1.0558
1.1153
1.1555
1.2909
1.6606
1.6522
1.6301
1.6540
1.5721
1.6646
1.7031
1.6219
1.6808
1.6543
1.6497
1.6305
1.6682
1.6828
1.6970
1.7087
1.6794
1.7356
1.6418
1.6391
1.6551
1.6589
1.6450
1.6133
1.6597
1.6643
1.6317
1.6275
1.6799
1.6568
3.1468
3.5299
2.8209
2.3090
3.1830
2.7658
2.4873
2.2479
2.2086
2.1331
2.0060
2.0412
2.0139
2.5341
2.4089
2.6713
2.1042
2.2313
2.0956
2.1199
2.4565
2.7465
2.2221
2.0550
2.0924
2.1243
2.0808
2.0531
2.1079
2.0699
2.0499
2.0999
2.0558
1.9908
2.0346
1.9965
1.9621
2.0042
1.9952
2.1225
2.3829
2.0875
1.9607
2.0198
1.9998
2.0544
1.9750
2.0137
2.1086
2.1977
2.5533
2.1275
2.0278
2.1339
2.0591
2.0774
2.0642
2.0692
2.1027
2.0149
2.0822
2.0830
2.1092
2.0182
2.1775
2.2860
3.3639
2.1260
2.1615
2.0187
1.9946
1.9449
1.9870
2.0467
1.9055
1.9930
2.2180
2.9000
2.5664
1.9981
1.8524
1.9263
1.9361
1.9378
2.0593
2.0327
1.9917
1.9998
2.0282
1.9726
2.4245
1.7900
1.7343
2.4397
2.5215
2.3408
1.8217
1.6276
1.6754
1.5332
2.0315
1.7563
1.7309
2.5237
2.2073
1.7289
1.6996
1.5261
1.4731
1.4308
1.6818
1.5317
1.3877
1.2422
1.3880
1.6139
1.5773
1.3905
1.8304
1.7225
