11.0638
12.4965
16.6867
23.4821
11.9192
12.8456
16.9636
14.8874
13.8708
11.6341
9.9883
33.7607
32.7827
10.7040
32.5424
34.6826
24.4310
14.1025
16.9476
17.9118
14.5700
16.3347
16.7383
14.7313
32.5708
15.1422
15.5111
19.0262
15.6147
28.9796
27.2411
15.3132
52.8724
63.3698
31.8484
38.2444
65.9942
32.0851
27.4240
32.1659
30.3368
36.9010
37.9140
36.9930
33.2250
60.8347
37.0485
40.4536
25.7309
34.5266
23.1182
19.4267
25.1484
41.5918
61.6139
57.0449
47.4100
48.9442
21.4095
24.9335
7.6376
12.7245
19.8731
10.8302
9.2302
10.3409
12.4841
18.4255
9.2691
8.3570
9.7213
12.0006
25.3114
30.0309
28.0841
28.2550
16.4981
26.8146
20.9650
11.2804
8.0237
9.6626
10.0964
9.6550
9.1136
12.0045
11.7790
12.3060
12.1293
11.5137
21.8055
12.1844
9.7009
10.8080
8.0139
9.7903
10.2980
9.3073
10.5816
12.2874
8.5062
12.8895
8.3791
9.6118
7.5227
14.3389
7.1373
7.7285
12.1803
12.0352
10.2665
9.5056
13.2909
12.3012
31.1329
16.2293
28.5117
13.1242
9.3827
8.0285
98.1704
43.6374
44.4113
55.6586
15.5348
14.4423
24.3489
20.1908
25.3711
29.0574
52.3926
55.8665
31.7130
45.8810
10.7624
19.9462
28.3941
20.0164
14.6905
11.3035
15.3965
14.9746
13.4747
16.3302
14.8926
11.5863
11.3172
13.1939
11.7633
7.2253
9.2983
9.4258
16.1347
12.8535
14.0350
14.3272
21.1266
16.7533
17.9170
22.5360
28.6662
20.8473
28.5692
30.2974
21.8687
20.4131
16.4337
15.0473
9.8269
10.3815
8.1420
9.6191
12.2227
9.3383
7.4647
10.2933
11.4031
9.9551
8.5198
12.3313
14.9784
25.1763
17.1155
6.9454
12.4639
13.3888
17.7517
16.7982
20.4091
16.6795
12.4709
18.7024
23.2918
25.5632
15.1633
11.3872
14.7740
25.9593
20.3705
13.4425
19.6695
14.8839
21.6227
22.8688
14.4051
9.3166
15.9573
21.4988
27.3843
23.4804
15.0363
11.6484
18.1034
16.7757
11.5257
13.4183
8.4988
20.5518
41.3786
37.1406
33.5894
21.8257
37.9198
19.6700
17.1105
9.6613
25.4186
13.9326
7.5845
12.3605
9.2858
15.8029
19.3994
17.0035
24.0055
12.9355
7.6934
21.1108
13.4001
26.6750
