2.6866
2.2371
2.4184
3.4443
1.9239
2.5373
2.0036
2.3617
1.9838
2.5597
2.2860
2.5833
2.8452
1.9851
2.4290
2.7259
2.4383
2.1078
2.8886
2.2790
2.9273
2.6660
3.1104
2.3781
2.8030
1.7978
2.9978
2.6824
2.3918
2.2769
24.7880
10.0802
46.4399
54.3389
39.0279
37.9541
66.2974
41.3778
22.0172
24.1797
34.0425
33.3597
24.9005
26.8967
46.1065
42.9186
59.7309
39.4668
32.5167
14.3524
14.2847
28.4257
24.7693
19.0725
31.3201
55.0385
50.5822
37.3802
17.0495
15.8624
3.8593
4.3891
5.6231
5.8684
3.9849
4.0502
4.2252
4.3318
3.4600
3.4342
4.3537
3.3226
7.1003
12.2371
21.8197
23.2157
13.9071
26.0448
14.1355
3.9436
3.7016
2.9474
2.9820
2.8411
4.5541
3.0900
2.9300
3.2699
4.8424
3.7411
3.9524
3.2409
3.3508
2.5615
3.5679
3.7408
4.3464
4.7071
4.8148
5.4279
3.9520
4.6278
4.1251
3.5871
3.3006
4.0831
3.1141
3.5209
2.9240
3.5824
3.8644
3.1031
3.5241
3.7287
6.7911
4.6949
3.9282
3.4940
3.3400
3.1716
56.7610
49.0434
63.9246
35.4179
8.7731
5.8461
5.9510
5.7773
8.5036
27.7811
47.5770
39.8834
22.1573
36.8163
5.6185
3.6526
4.5742
5.4457
8.0795
5.8312
4.5097
5.6745
4.7192
4.9316
4.9367
3.4066
3.2532
3.3718
2.5881
1.9841
2.3059
2.3830
3.0321
3.0903
4.1021
4.4440
4.2112
4.6380
7.2945
31.6257
30.9505
16.8237
45.8700
39.3498
13.0700
7.1349
4.2092
3.9588
3.8221
3.6143
3.6421
3.2606
3.3728
3.4921
2.9395
1.9983
2.6742
3.1499
2.8862
2.3584
3.3851
3.3475
2.8116
2.8478
2.5433
2.5398
2.4933
2.4301
3.4618
3.0829
2.4557
2.6488
3.3830
3.3460
3.0500
2.4709
2.6747
2.4695
2.6823
3.2260
2.7871
3.4148
2.9902
3.6742
2.6201
2.2653
3.1746
3.4014
3.0836
2.7384
7.1428
4.3310
11.4073
8.2391
4.9301
4.2087
4.4482
13.7039
50.3883
67.7381
36.3362
22.7526
52.4241
14.0654
7.4259
5.5148
7.2285
5.6143
5.4775
5.5383
5.2597
5.8361
5.8638
9.9971
21.6626
4.6407
7.3055
18.1198
18.2140
25.9831
