10.6896
10.2881
11.9791
11.4204
10.2668
10.9627
10.7565
10.9357
11.0078
9.5607
11.2179
11.5250
11.0439
9.8634
12.2099
10.7669
11.5216
9.3606
10.2563
10.2820
11.6115
9.2010
11.6515
10.3166
10.3663
10.7524
10.4640
11.8263
12.3146
10.7771
7.1164
8.3723
7.4571
7.4919
5.8528
8.1722
7.9157
5.4960
7.5357
8.3114
7.2355
7.6692
8.7039
6.0383
6.9117
7.2561
6.7608
6.9950
7.0318
7.0888
7.4319
8.7370
6.6862
7.7382
6.9499
7.5577
8.2258
5.7250
6.9743
7.5712
7.6611
6.4343
6.7623
6.8938
6.7998
6.7677
6.8087
6.8872
6.8225
6.7772
6.4379
6.3709
5.9190
6.7199
6.7227
6.1346
6.0665
6.7071
5.9439
6.3461
6.8311
7.1384
6.3888
6.9520
6.8121
6.4663
6.3551
6.5479
6.3608
9.8789
7.6359
7.0145
6.6478
6.7179
7.5100
6.8816
7.4948
7.2656
7.8992
6.8078
7.4629
6.8405
6.6037
7.8800
7.7141
7.6183
8.0814
8.2907
7.1109
6.8238
8.9961
7.5323
7.2890
7.3633
7.4425
7.8179
7.2375
6.8312
8.1605
8.1069
13.1815
15.6060
12.0015
9.9477
14.8730
13.5771
11.0006
8.1932
9.1285
8.6310
7.6578
7.1531
8.2616
11.5747
10.5212
11.6127
8.1574
9.3127
8.1156
8.6966
10.2219
10.9635
9.5805
8.2936
9.2745
8.7371
8.7777
7.7171
8.1875
9.7922
9.3693
8.0323
8.4772
8.0161
8.9473
7.4320
7.4945
8.5028
8.2751
7.7369
10.9984
8.3855
7.8111
8.1946
8.5333
7.8916
8.2927
7.6885
8.2638
9.3873
9.3231
7.9449
7.8189
9.4685
8.1621
8.7911
10.4038
9.1693
8.3520
8.7190
8.3300
7.7088
9.1909
8.1657
8.6638
9.1852
13.4354
8.6244
8.8828
7.7575
8.3510
7.9993
7.9640
8.2930
7.9564
8.2993
10.3541
14.0510
13.4821
9.4068
7.9237
8.9038
7.5506
7.8653
8.6455
8.4738
9.1952
8.4822
8.0635
8.3532
15.1379
10.0855
9.5865
17.8833
15.1284
12.5006
10.5869
10.3146
11.6682
10.0491
12.8135
8.4566
11.4894
14.3739
13.0785
11.7397
9.1962
10.0244
9.6433
10.7269
9.7699
9.1980
9.0343
7.0521
9.9260
9.0698
9.9406
8.0853
11.5305
10.2347
