51.3161
64.3138
64.6970
78.8226
67.1674
121.4290
87.4499
104.2990
117.1033
127.8086
108.2638
120.3877
52.7279
74.0992
87.2239
74.9470
68.4533
71.5773
96.5291
85.9625
70.0396
72.2586
67.8584
68.1230
60.3457
59.2668
62.8575
55.2285
58.2199
61.1370
55.4881
84.1819
65.8948
81.5673
67.1521
57.8831
59.9636
69.0616
63.5714
39.3482
43.5711
31.5393
38.0915
29.7404
41.3700
66.5030
136.2915
78.7385
82.9413
76.5673
63.1945
77.1323
70.4300
53.6778
43.8044
59.5953
49.2605
59.3084
56.9455
68.2412
146.6260
184.7836
179.4272
107.9686
162.2423
120.0773
83.7265
76.9184
75.4482
59.7025
79.2736
66.2088
71.0860
66.1899
69.6486
84.2820
65.9957
72.2418
77.0693
77.8269
81.0846
69.9612
85.1176
73.8361
96.8891
72.7136
71.2488
55.3617
44.9068
50.8556
86.8078
121.1270
81.5530
64.9054
70.5444
62.2664
49.8723
58.7748
57.7401
56.9911
67.3149
56.1710
61.0867
69.5878
69.1207
69.9857
52.5694
46.9376
34.3387
45.3293
53.0357
82.8972
65.7288
45.8882
53.8782
41.1899
38.2611
67.8341
34.8232
38.0857
69.8740
56.8922
52.8201
55.6480
43.3940
36.8643
42.5847
36.8084
52.7581
56.8427
39.2492
55.7145
63.4241
39.0157
53.0610
39.7546
55.8924
55.3268
44.5785
52.5709
53.6500
94.1274
94.6838
104.4894
4.9052
0.0058
80.9095
138.9883
80.7235
32.6153
80.7755
66.8099
79.0736
62.7368
66.2639
69.4122
94.7402
78.3041
72.4266
56.8542
83.7450
62.6451
64.0585
62.8833
47.2720
55.0999
74.1212
75.0508
10.9559
34.2771
39.5444
68.8179
59.6168
73.4383
85.4710
68.5771
57.1139
97.0809
70.6305
99.1689
80.5951
64.8479
60.3289
51.2805
84.4147
74.7515
75.3746
74.0714
62.3229
79.3363
66.9723
92.2776
67.3983
72.8983
73.0513
43.9717
72.2639
54.4395
51.9305
46.9881
67.9666
54.3400
73.2619
117.3555
92.0023
51.5841
80.4074
80.2431
71.3874
53.1342
33.9287
74.7029
79.7670
73.9294
80.9981
86.3695
66.3834
74.9393
86.4827
81.5546
61.9480
58.1959
43.2915
68.5357
68.7869
67.5227
67.6574
76.2920
74.7427
42.6534
58.0881
60.8777
62.4971
52.2231
65.9863
48.4920
87.2782
62.4275
82.7199
95.1049
