14.8922
28.1081
35.5382
28.1236
31.2317
20.0391
18.7375
19.5257
36.9740
50.5767
29.3408
22.7324
18.3474
24.2429
22.9605
43.8974
26.7691
19.7396
26.4200
29.0595
25.8515
24.2551
21.6114
29.0234
34.4204
32.5169
25.1452
36.4557
31.5553
52.8951
37.1988
29.8441
22.6643
35.7601
26.4219
22.9984
28.0755
37.3619
27.9017
30.9853
34.2218
22.8570
31.2411
28.0872
27.8680
28.4159
43.1887
34.5721
30.4030
32.1273
19.5890
31.3949
42.9978
30.3054
73.6335
49.3286
20.7303
34.8385
37.9676
65.4570
55.2293
40.6993
39.3569
21.9494
33.0365
24.0704
22.3656
28.4972
56.1135
57.2910
40.3911
36.0550
23.2379
34.7685
29.2359
45.6240
12.0244
42.7480
47.3526
64.0100
58.6757
30.8090
25.9488
29.9453
19.7186
36.1677
18.0262
32.4095
48.6031
40.1641
37.3714
56.7753
17.8592
20.8591
44.6172
29.9505
16.8679
22.2372
23.7206
47.2627
36.5004
23.7559
20.1865
21.7032
36.6439
69.6118
43.1151
19.6479
27.6017
20.3380
24.6547
36.5090
54.2340
31.8741
14.5298
13.4450
21.8912
18.6687
40.6939
26.4964
42.1600
28.9205
29.3743
25.3073
33.2826
15.9100
15.9613
18.2763
21.0028
21.7425
30.0846
15.7581
39.3359
22.1840
24.4971
17.0418
16.3941
28.4980
21.8715
13.7367
20.4586
41.6203
20.6796
15.3280
13.4567
20.7316
17.1352
20.7509
21.6423
23.0547
13.9650
24.9685
29.3810
17.5624
21.0338
17.9363
8.9686
35.7761
19.0706
24.4481
19.5002
30.8304
17.9005
36.3119
32.9513
33.2372
14.9786
21.0602
23.9154
25.0525
39.8621
35.1929
23.6888
39.5073
19.8692
29.5046
25.1185
27.7602
26.4971
24.4937
35.0262
15.9114
32.8405
21.7167
20.7028
12.5475
42.1119
16.0238
33.2542
20.7801
22.2389
24.5361
22.2328
35.8715
27.9774
17.9208
21.2946
31.7452
21.5550
32.3173
25.0094
16.4106
19.1803
16.7099
27.4187
20.9174
31.8428
15.2054
18.8811
13.9621
84.8722
47.7581
42.6966
27.7287
21.8997
47.9557
39.4430
26.0406
63.1155
41.8303
52.7631
31.8666
36.7700
64.2573
27.0514
28.9065
30.4597
31.5518
25.9652
20.7571
21.2243
21.1217
24.6899
21.1838
29.2144
64.2564
23.4047
32.8070
39.1362
27.5353
