41.5694
40.6528
40.9493
46.8254
46.6156
46.1591
51.1892
50.9687
44.2641
49.0318
41.0053
53.2286
45.1518
45.9141
51.5883
45.1735
41.6140
43.9865
45.4582
48.3451
54.9487
40.6333
39.1877
43.5634
50.1932
41.6070
50.1737
42.4243
33.5952
28.9659
32.6425
33.9880
31.0235
26.9738
32.6927
34.3636
41.6522
41.9174
52.1501
37.2268
37.8101
35.5652
42.7103
36.6631
38.6722
36.8600
39.7567
42.8624
31.9229
31.3256
31.4584
35.5507
42.0487
46.2091
40.8662
39.7568
26.2397
24.2175
26.5956
32.0707
45.7650
45.2597
47.6970
49.2663
27.3480
28.3258
27.7692
34.9447
42.2010
55.2325
52.6172
62.2560
32.1447
30.7245
31.4342
30.5881
24.2889
24.6403
26.9334
29.5864
29.2079
28.9879
29.5450
28.4449
29.4738
25.2472
29.5046
32.9148
48.6780
50.6008
55.0973
45.7307
37.5885
33.9973
36.3445
38.0742
46.9831
48.5821
50.5205
56.7758
58.0081
52.1780
56.3023
55.5764
39.4704
38.7301
39.3507
38.0369
33.1375
37.4590
31.9826
32.3318
38.7725
44.9212
37.8585
47.8425
47.4773
47.9774
54.2385
59.2374
30.7054
30.4714
28.0772
26.7804
23.4839
28.7763
25.5083
28.4341
43.7397
42.7748
43.0692
47.1505
40.6232
46.2397
42.1265
43.0414
54.5516
55.7226
58.4629
52.7402
45.7168
47.3300
52.8674
48.6018
43.6348
45.0230
49.1487
44.5276
24.0050
21.9031
22.9316
23.5032
46.3139
56.7611
65.3441
53.0125
32.3148
34.6617
35.4779
33.0490
43.4143
53.2084
45.3569
45.9728
23.1161
23.8246
23.0536
25.4921
29.3354
32.0316
33.6853
30.4985
40.8659
44.6282
50.1588
40.7023
37.9409
39.7828
43.9744
40.8447
34.7239
44.4865
38.8106
40.1818
42.1493
43.7798
43.8009
41.2333
42.1719
44.8230
41.3837
46.0559
31.7435
30.1910
34.3805
32.1450
43.5411
50.6509
47.0013
57.2632
42.5058
41.4366
38.6335
35.6508
39.9175
42.7278
38.0347
34.3888
30.8998
33.2996
30.1724
28.4598
47.8798
50.5841
61.6036
50.8795
46.1864
46.3997
45.1630
42.6316
45.5053
49.0363
53.7003
47.6657
46.4582
43.2182
52.7829
55.4294
37.5851
37.3973
42.9798
41.0475
38.0968
35.9067
37.4434
36.4727
33.7039
30.8655
35.7563
31.9359
23.1683
24.8012
20.3023
21.9479
49.7495
59.1837
52.9648
45.8065
32.4022
35.2182
35.2768
32.0755
39.8040
43.6106
41.3782
51.5009
34.7117
37.2818
38.1615
37.2032
27.0501
22.4380
23.4346
24.7998
40.5869
48.2135
50.3991
47.7111
39.6162
48.2993
39.3497
37.0215
50.5319
51.3991
50.1395
46.4030
43.2953
43.4836
43.2054
52.8926
52.5260
49.7672
53.9381
56.1346
41.0210
50.1566
43.2425
45.5373
24.9107
27.3532
25.8499
22.8284
38.4337
43.4167
42.5924
38.2664
40.8765
41.8510
42.7136
46.8903
30.5191
38.5106
34.7413
35.9440
53.2506
48.4579
48.7996
53.3962
38.1409
44.3040
34.1246
35.1143
35.6589
36.7484
41.5219
37.3169
20.9091
22.5988
23.4408
22.8871
40.9702
40.7087
39.2701
37.8089
51.7841
44.3008
51.2915
44.3811
30.7225
29.1846
28.9945
30.8665
37.5470
39.9288
38.0144
37.4773
44.6840
40.4538
49.7330
44.9847
42.6049
39.8701
42.8367
35.3753
37.6116
37.4059
37.3600
38.6817
45.2081
38.1905
40.9122
45.8391
35.2296
36.3726
35.6334
36.7377
46.3757
44.9289
50.8717
48.3545
42.5870
44.3974
42.4767
48.5469
44.5386
39.2875
39.2214
38.2971
39.2250
49.8012
43.8983
41.8415
43.3261
51.5987
48.7651
62.4923
46.0869
46.8751
46.8296
40.9219
46.2398
43.4320
41.6980
43.7737
43.3730
40.7446
41.7632
38.6275
42.9140
40.4612
45.3253
40.2318
40.9116
49.0695
44.7144
45.0571
41.1241
47.9257
41.9973
36.4261
