71.9102
92.4554
81.0932
93.5901
85.1202
94.1585
97.9703
105.7708
75.3050
74.5287
67.9855
105.7456
99.9236
77.6083
102.9512
82.5655
57.3875
90.5375
89.5940
80.9675
97.7278
82.5926
86.1241
86.1859
97.9767
83.2192
114.2213
88.0782
57.6850
46.5553
60.3000
58.7599
54.5589
54.6208
44.6595
51.9288
59.3232
60.3709
58.3067
55.8404
64.4064
65.7850
67.3853
70.1323
78.5729
71.1561
71.3203
87.4039
62.0107
58.3271
61.6126
73.0253
51.5542
59.0460
75.8545
54.9613
42.8869
37.5697
33.8451
43.0614
55.0280
64.8986
69.9708
80.7077
48.8647
49.9428
46.6809
59.9886
84.5892
92.3146
76.0378
63.1851
51.7763
60.3327
59.7170
55.9331
41.8206
40.4277
35.6991
46.8352
42.1466
41.4882
40.6005
37.8616
41.7536
46.8772
53.1778
51.3746
60.8184
69.2870
91.7869
92.5746
59.2277
61.5979
50.4317
61.7702
71.0803
69.0810
62.7257
71.1982
77.7514
93.5430
88.0076
103.5641
76.3549
61.5812
67.1518
67.2700
51.9492
50.2190
56.3722
48.3631
72.8470
68.1047
61.8428
78.5106
63.7698
72.5856
75.5478
80.2195
69.8006
47.8986
50.3922
45.2874
45.9634
53.8551
48.8253
48.9003
73.4987
65.6176
73.4245
78.5988
72.2009
69.8947
63.4691
70.8605
68.0689
63.4171
63.0649
82.5635
61.7286
94.4971
90.7282
72.0109
70.8737
82.3675
63.1137
57.5599
37.9025
37.9570
43.4242
41.9248
71.2700
75.4666
78.8439
81.9381
49.0250
65.0134
60.7315
66.5759
73.5127
74.2713
86.5052
84.1668
41.2206
44.2069
39.1603
42.3632
46.3389
56.8080
62.2549
58.4279
80.6263
74.0521
78.5665
70.4944
82.5115
75.7594
66.2728
61.0913
68.4255
66.3643
52.1204
76.7343
59.1427
78.7851
68.3237
88.2226
73.8142
71.3744
77.7825
70.5870
65.4357
58.4021
60.5265
61.4783
75.3402
85.3754
87.4992
98.9431
64.8175
85.8700
69.0205
75.0802
83.4413
64.9284
55.4570
57.5975
51.4777
68.3696
50.8286
53.4335
67.9686
77.4514
67.9073
88.6846
86.3387
92.0136
70.8850
93.4565
61.4741
79.2605
98.4627
82.2843
65.9749
67.8927
79.8288
73.2198
65.8030
64.2037
69.1274
85.0216
65.6894
76.3422
70.0519
75.0229
57.0685
58.3978
68.5014
55.5642
44.5133
47.5470
37.6468
39.3331
84.9353
85.8474
85.5503
71.9085
71.6534
72.1967
76.8539
63.7773
69.7695
87.0979
73.2194
87.8512
70.3112
57.3042
87.5750
67.7082
55.5944
47.7857
45.2545
45.4139
68.2497
82.2219
68.4507
68.7725
69.7188
75.3520
74.6201
60.1167
80.5950
86.7906
68.6808
66.8699
84.0336
84.6443
63.8045
92.5781
71.2782
77.8069
89.3541
83.8565
88.7769
98.4493
70.2231
80.4678
46.8987
50.1182
47.0299
38.2356
66.6830
82.9349
74.8381
63.3954
64.6433
66.1835
77.7390
96.7741
56.8152
71.1923
55.5874
51.0685
77.5913
96.3632
85.2206
118.0438
75.1627
93.0441
56.1363
59.5107
68.2450
75.6763
64.6851
66.5923
38.7201
41.6298
45.6587
37.9786
80.0435
71.8282
77.3261
57.9901
99.3871
72.0101
103.3671
85.6451
53.2489
59.5303
55.3608
54.2987
61.1808
84.9930
60.9063
50.7823
77.1731
74.2757
78.5209
84.7338
70.4681
64.7263
85.8004
64.3868
67.8594
74.2997
71.6646
65.9104
87.2097
71.0511
78.3051
61.6715
69.4218
68.3425
72.8440
56.4580
96.4549
89.0528
93.1054
81.1183
79.4762
75.7115
79.9264
96.9733
84.8659
58.4581
65.4556
67.9714
83.3785
106.3464
88.0454
78.3249
99.8718
92.5560
95.3622
104.2925
89.6070
79.4459
78.1293
59.1000
79.6317
76.3896
90.2854
81.3939
76.6275
85.8462
98.0864
88.5167
79.6278
64.9235
69.3987
72.2772
85.3883
114.5246
73.8917
85.7460
76.6134
96.8038
61.5889
52.8847
