14.9789
17.7206
17.5576
19.1081
23.0844
23.9390
24.5358
25.5589
20.4016
17.8496
16.8865
20.7822
30.9839
29.9131
27.8795
30.1814
18.4745
19.0146
18.9721
19.8314
21.5263
20.1732
19.3423
22.1317
28.6381
27.6566
29.5187
27.7743
16.6965
18.2644
17.1429
16.3859
12.8732
12.2289
12.6811
12.5333
16.3354
13.7340
13.5817
14.4339
16.6331
13.8036
14.2750
14.9955
15.7222
12.4911
14.4810
13.3856
11.0573
10.3445
12.0841
11.1664
13.2156
12.7515
11.9143
13.2199
12.5375
11.1391
11.8640
11.9050
20.9359
18.7559
19.8658
21.0642
13.0643
11.5934
12.9874
12.6502
23.8877
29.5787
24.7103
27.9896
11.0624
11.6875
10.7422
11.1515
17.0438
13.6499
15.2205
15.1095
11.4224
13.4744
11.9672
12.6812
11.9312
11.5535
14.0050
12.3879
35.0669
32.8814
27.1023
27.4810
29.1006
28.2894
31.3973
29.0192
18.2425
22.3792
20.7423
20.9087
34.8887
34.6099
31.8377
30.6260
30.7586
38.2772
35.6618
37.6721
12.9410
14.0289
12.6772
10.9478
28.7841
33.0987
29.8090
28.7168
50.2023
46.0266
49.1587
45.4875
11.5005
12.4481
12.1448
10.6623
13.8277
15.8547
14.6391
13.5801
35.8854
29.7961
37.4071
33.4707
23.4863
30.4116
23.0989
26.4314
15.8904
16.0250
13.9708
16.9856
19.4816
20.0308
20.5954
18.8373
21.4139
21.4206
19.4435
17.2330
17.1704
14.4580
15.2729
15.8750
16.3964
16.0734
17.2364
18.3565
25.1391
21.9964
21.4483
21.0512
18.4733
19.0110
16.6779
18.4222
12.9255
13.8765
15.4303
15.6789
19.3576
19.0079
19.2389
16.1939
24.9498
23.8130
24.6199
25.9838
20.2130
18.7453
20.4334
21.0866
17.3118
15.7977
18.7291
15.9184
17.1267
19.1659
16.9006
16.9375
18.9389
20.1537
20.9302
21.9167
18.9187
18.0147
18.5756
17.2908
21.3746
20.5305
17.4824
19.7559
23.7508
25.0024
22.1177
22.5740
37.1501
34.4701
34.5293
32.0582
12.1334
14.3262
12.2291
14.3591
18.2787
19.6935
15.8757
19.1024
27.8814
29.3407
27.1870
29.3811
19.6954
19.6402
22.6562
21.2278
15.1172
16.9540
18.5730
15.6900
23.4756
23.4132
25.3606
21.7754
12.1516
11.1904
12.7841
12.9772
11.1527
10.7718
14.7029
12.3585
11.0436
11.8064
10.8236
12.6781
20.7061
19.9902
18.2706
21.5912
12.3650
13.9112
14.5703
13.8115
27.2912
24.3449
26.7115
27.3663
30.7326
32.2354
31.6906
34.2058
11.4053
13.5340
10.9991
12.4028
16.6185
19.0973
17.1335
17.8402
20.6997
22.8112
22.9882
19.4551
21.0264
19.3535
20.5860
19.5251
19.5934
17.6384
18.3453
20.4471
17.5982
19.4699
19.7859
19.8608
29.6961
28.0927
28.3703
29.3497
13.7089
14.3694
12.7622
10.1764
17.1364
18.9104
18.3038
16.1462
20.2390
18.1903
19.0971
19.0498
15.4510
17.3263
16.5005
15.5794
21.8169
22.1509
21.8452
23.1786
36.5989
31.0392
31.4203
29.7102
20.0374
21.0318
19.6960
19.0426
11.7055
11.6106
12.4229
13.7163
17.2066
16.4560
18.5197
15.8244
30.5611
34.0211
30.7894
31.1070
13.2498
14.1356
13.7963
14.5680
18.1254
17.9961
16.2344
14.1080
22.3825
24.8340
28.4898
22.3638
16.1664
16.6469
19.8791
16.9748
20.6797
20.1320
23.0112
21.8083
21.7237
20.3246
19.8973
19.1435
14.3328
15.5849
17.7665
16.5460
30.6866
30.3912
29.2099
28.2352
17.9761
20.3104
21.4105
20.9793
18.4809
18.9347
20.1474
17.3514
28.3550
27.0415
26.7297
27.7256
21.6339
21.3406
20.0391
18.9880
21.5363
22.1546
20.9103
24.7175
23.3367
24.1867
23.4868
20.7221
19.6565
21.3047
18.9518
17.1078
17.9719
16.9299
18.7245
17.1279
30.7715
25.1116
27.7140
27.5439
21.9894
20.1119
20.1454
19.1910
