4.5297
4.6778
4.4621
5.4416
3.5694
3.6897
3.5857
3.7510
3.9479
4.2037
3.7961
3.9025
3.9594
4.5941
3.8840
4.1119
3.6179
3.9959
3.4477
3.5106
5.8578
5.5025
6.0677
5.8242
4.1225
4.1129
4.6151
4.0579
3.9270
3.9476
4.0592
3.6892
3.7726
3.6795
3.7832
3.7595
5.3947
4.9187
4.8942
5.2980
5.3359
4.8221
4.9957
5.3252
4.4410
4.6040
4.4519
4.8326
4.4933
4.5794
3.9506
4.6770
5.5474
5.3182
4.6494
5.0493
5.5291
5.2122
5.7239
4.9652
4.4345
4.7122
4.3782
4.5330
5.0565
5.2051
6.1225
5.3460
5.5082
5.6349
5.8983
6.0064
3.6622
3.8051
3.4923
3.3155
3.4386
3.3427
3.4627
3.4844
3.8932
3.5988
3.6250
3.6524
3.7653
3.7503
3.9696
3.4586
2.9751
3.1317
2.9447
3.0415
3.9656
3.3890
3.3175
3.5217
3.6985
3.3870
3.6008
3.4893
3.0033
3.3413
2.9627
3.2358
3.2615
3.7003
3.0885
3.5397
4.2345
4.5673
4.1987
4.4288
3.6989
3.6364
3.3387
3.6840
3.3427
3.9102
3.6841
3.5844
3.6272
3.7761
3.5130
3.4115
4.2364
4.1992
4.2211
5.4400
6.2561
6.1547
5.9856
6.3728
4.8944
5.2810
4.8154
5.9847
5.0333
5.3356
4.9730
8.7112
3.7542
3.6016
3.6849
4.0401
5.1320
5.0765
4.8552
9.3115
4.7792
5.5554
4.9386
5.0726
5.0338
5.7157
4.9953
5.0422
4.0989
4.4976
3.8353
4.0855
5.0380
5.4341
4.8222
4.8504
3.2564
3.1841
3.2460
2.9931
3.3295
3.3431
3.3295
3.4273
3.6851
3.0747
3.0330
3.4270
5.3732
3.4458
3.2079
3.1729
3.7483
3.3631
3.0977
3.0989
4.6648
4.3298
4.1187
4.5057
3.7244
3.6940
3.4098
3.3412
5.5015
3.7546
3.6165
3.3171
3.2723
2.7270
2.7660
3.0809
2.9324
3.1006
2.9519
3.1792
2.9972
3.1576
3.1815
3.1203
3.1136
3.5199
3.0738
3.3636
3.2628
3.6124
3.2140
3.4750
3.5605
3.7629
3.3939
3.5054
3.6334
3.6524
3.3413
3.4716
2.7254
2.8830
2.7819
2.9694
7.5897
8.5902
8.0968
7.7248
7.4863
7.4457
7.6291
6.8814
7.2249
6.9246
7.6970
7.3031
7.9653
7.1961
7.6955
7.7796
8.0626
7.8477
7.9259
7.6548
7.3064
7.4919
7.6464
7.1745
7.2429
7.2697
6.8527
7.2338
16.5331
17.9770
16.4333
16.0111
11.8991
12.4904
11.9328
12.4308
14.1885
13.6255
13.9091
13.7451
5.9342
6.1481
6.4930
6.2525
7.5747
7.8833
7.9210
7.5483
7.5904
8.1959
7.5056
7.5383
7.5632
7.2196
7.6285
7.5963
13.8337
15.1046
12.7766
14.2816
7.9470
7.4764
7.6392
8.2559
7.7703
8.1242
7.7741
7.6802
7.5955
7.4768
7.7662
7.6205
7.4332
7.7936
7.5258
7.0509
13.3915
13.8369
14.1085
13.4148
12.9619
13.0006
13.3390
12.2965
8.2836
7.9437
8.3844
7.5572
10.1876
8.7039
9.2643
9.3799
7.1004
7.4722
7.3872
8.0271
9.9703
9.8477
10.4293
10.8200
7.7169
7.5416
8.2619
8.0585
7.8420
7.5149
7.5348
7.5805
7.1383
7.2434
6.6823
6.7910
7.7519
7.5093
7.5442
7.0986
14.5594
12.8925
12.4829
11.2602
9.5003
9.0452
8.6006
7.5335
7.5547
7.5083
7.3445
7.5649
11.3872
11.3398
11.0731
12.0962
4.3719
4.3662
4.2575
4.2660
4.9622
4.8908
5.0690
5.1703
5.0070
5.0461
5.4064
5.1263
5.3544
4.9920
5.8622
5.1039
4.8914
8.1929
4.9869
5.2618
4.4446
4.4129
4.4332
4.4370
3.7193
3.8017
3.6099
3.5931
4.3319
4.4910
4.4485
5.4569
5.2044
5.0039
5.2316
4.8259
5.1829
9.1522
5.0564
5.4053
