100.6003
94.1807
101.2076
74.9180
104.6571
88.1369
83.3997
100.7395
90.4409
114.6849
79.9733
102.6416
96.0988
151.4503
100.2144
156.4780
121.2731
150.6221
113.4670
125.5083
103.2937
107.8069
86.8271
126.2347
135.0045
115.1432
102.4514
159.5017
85.3369
96.4769
73.4099
124.6592
122.5970
87.3185
104.4302
109.1870
208.6156
256.5791
176.3196
206.3913
252.7086
256.3125
209.3739
250.9952
111.5716
113.8214
64.3709
82.6407
120.8162
135.6004
82.4896
141.2285
225.2441
317.9993
154.6051
210.0375
287.3314
337.3034
202.1174
177.9618
70.8886
110.7764
88.9100
89.3752
254.6148
322.8901
214.7624
267.7040
117.6157
115.8100
89.7839
97.6483
230.5925
211.8045
215.7201
153.3612
182.2489
187.3536
176.7900
131.5908
157.5885
174.3049
167.8147
106.5934
149.3247
202.4812
228.5132
168.3184
132.4219
134.4474
115.5116
104.5869
143.0648
200.3963
200.4568
240.1943
154.8093
177.1001
202.6875
171.0789
112.0287
139.3149
117.4954
106.4999
186.7656
212.0453
178.2364
176.3449
110.7721
111.4939
95.7745
105.9353
86.9886
90.6600
98.8398
86.4793
157.4288
159.6725
155.5324
154.2113
114.4559
115.4123
100.5168
93.7368
87.2318
71.1249
94.2633
96.9241
104.9728
97.8121
90.6936
87.5849
135.0862
125.2458
116.5056
122.2534
195.9979
216.0395
175.2765
242.3365
104.1705
88.3650
96.1935
91.8150
253.3450
206.8205
175.1870
235.7009
212.6081
202.4383
183.6517
280.5871
181.5438
252.3578
211.4247
237.2471
133.0756
170.5137
150.0779
113.2597
221.8021
262.5317
192.9435
190.1144
77.5096
76.7221
87.1687
82.3685
88.8981
81.6144
85.4343
83.2624
95.2411
82.1675
95.0002
97.8250
243.5134
191.0205
191.7689
175.8172
178.7753
175.7453
178.7411
198.4287
85.7593
72.4760
78.3738
86.4869
152.0390
129.8417
136.0405
146.8978
114.7286
91.0641
112.1501
96.2624
94.5538
87.1549
98.9016
103.8252
58.0616
67.8844
54.5415
74.7109
99.8219
91.7481
72.2767
80.4439
148.8889
184.9988
122.6168
176.3144
152.5726
218.9971
185.3953
187.1477
70.7992
63.8126
68.5646
75.8698
123.1290
204.2738
175.3728
210.2018
81.7614
90.5612
73.2309
107.8212
88.3898
85.2266
104.1697
88.4789
79.1448
76.3525
112.9222
79.7425
124.8933
109.3831
119.3869
121.8060
89.0419
89.2323
129.5164
90.5298
97.7918
91.4968
97.5057
97.8973
104.9464
96.1910
112.7356
106.9505
159.5741
138.6170
139.7613
159.7850
160.9995
126.2878
125.5637
103.3077
96.0701
91.5037
102.5735
107.7304
133.0828
139.3008
181.6631
173.0252
104.5587
97.4594
129.0365
127.9277
79.3687
86.4574
103.7367
101.9085
78.4793
89.3737
88.4220
94.5977
77.9560
74.5805
90.4291
90.9676
125.1578
87.7425
120.7328
126.0966
91.1513
94.0735
74.3126
76.8430
93.3752
77.6900
88.2120
89.2837
90.0691
85.3580
84.3891
84.6318
125.4942
114.7822
128.3841
132.6745
123.0987
105.1770
152.8565
116.5701
102.6513
103.5283
89.2912
97.9983
73.0027
77.8485
95.4659
88.2089
140.4114
112.2379
135.2296
153.5045
107.4451
72.1843
109.4306
103.4945
81.6237
84.4245
70.8441
81.0512
78.9256
69.0761
62.1650
65.8251
82.8807
70.0643
68.7790
75.9297
90.0562
88.4897
83.5025
90.6820
108.8749
106.6470
115.0748
94.4602
102.0354
109.4322
108.9933
95.8029
122.5576
112.1418
97.9839
102.9309
97.3956
86.6226
79.2359
91.5836
73.6498
70.0842
63.9891
79.8900
77.0611
121.2633
123.2250
108.7643
114.1760
129.0757
154.1488
134.1186
125.2952
149.2800
155.2746
146.4817
238.9765
272.3925
254.9044
228.7893
220.4112
284.5123
267.7032
210.3307
87.6064
108.4074
132.2132
129.3831
105.9441
125.1791
131.5518
111.0568
96.6303
90.9660
111.8766
107.2928
107.1659
139.0882
159.1163
135.8910
240.7501
216.9108
282.7970
265.4457
