19.0929
18.9290
19.7410
17.4473
16.6018
18.7694
18.4578
19.0166
21.3837
25.9963
19.1651
20.0863
22.7119
28.9286
21.9527
25.0209
21.4205
25.5361
20.0053
21.8561
23.6511
23.9730
23.8572
23.2797
20.0448
20.7761
22.7958
20.7243
21.2810
21.3955
21.0385
22.6709
20.8439
18.7229
17.9442
19.7594
35.4096
35.3384
29.6527
38.5672
37.1386
37.9948
33.0959
40.9165
25.3623
27.6698
26.0735
29.9601
28.3508
29.0373
23.4153
30.9588
37.8413
42.9398
31.2357
35.6543
38.3348
38.6070
33.3329
34.8605
20.5537
23.8030
21.6973
23.0983
36.6527
37.5191
32.5507
35.9810
37.6106
34.8691
36.7307
43.6207
25.0032
23.8630
23.7709
23.3430
23.9463
21.8386
24.6954
20.7628
23.1612
23.7415
22.6406
22.9140
24.1222
27.4834
27.1271
22.3456
19.5060
19.0298
20.7598
21.2628
19.1958
23.0042
22.2922
23.7114
21.5820
22.9747
20.5874
23.5565
20.3339
22.0545
18.6458
21.8419
22.4807
26.5470
18.6175
23.3873
22.6980
20.1187
19.6085
22.8252
19.6252
18.7053
16.6587
19.1901
19.2491
23.4855
16.3910
19.7826
18.1289
20.4194
15.9144
16.2298
24.1214
22.8053
23.0044
25.7049
41.3332
42.2322
34.9963
44.6661
29.7945
32.7063
25.9698
36.1198
35.4898
35.9406
31.8561
37.0483
21.1637
22.0409
21.5052
23.4776
36.5881
35.0541
33.5168
37.6444
34.2175
39.9238
37.1719
36.7112
32.9045
42.1114
32.4587
36.7583
24.1653
28.0191
26.4197
25.0383
33.9001
39.6283
33.6175
34.9867
16.0656
17.1255
16.3724
16.2821
21.5131
21.5586
17.9032
23.0251
18.5965
16.2505
16.7929
21.3707
27.0000
22.0040
18.6318
23.2385
25.1274
19.7674
20.2627
19.6840
20.2226
20.6559
19.8884
22.7127
22.3056
21.3042
17.1012
19.7920
16.7079
15.2134
15.7886
15.9291
18.6399
13.6415
14.6405
21.6247
13.1359
15.2033
16.1692
17.0271
14.7117
19.5682
18.7068
19.9025
17.2849
24.7379
17.6572
22.2279
17.5177
23.8091
18.6178
24.2021
16.8766
19.2324
17.8876
18.6318
19.2543
22.7913
23.5429
24.7284
12.9387
15.7728
12.8733
15.3089
32.9877
31.9343
31.7469
31.2212
29.1372
33.3591
28.0223
28.5534
33.0990
34.5730
33.0752
32.6073
32.8713
27.9294
29.4761
28.9990
33.0259
31.2542
33.7983
29.8394
31.2877
31.2356
36.2567
38.3450
34.9817
34.1513
36.4531
37.1280
42.4885
42.0069
45.6092
41.1885
35.5696
34.0787
41.1991
35.8941
39.3810
41.6260
44.4085
43.7468
32.3902
32.4584
39.1395
32.5742
30.5741
29.7054
37.6480
33.0311
24.5809
31.3963
33.0583
31.2194
29.0071
26.5115
31.1516
33.4928
37.0661
37.5293
36.0900
38.4479
28.9390
26.5490
28.9370
33.3424
29.7987
33.9462
29.1872
30.1706
35.4127
27.9474
30.2052
29.1313
30.7112
32.1793
36.4067
33.3388
35.8061
37.5045
34.1303
37.4100
36.7295
32.7774
31.0431
35.1098
27.3512
27.4609
31.0881
25.6444
40.3683
33.6585
34.9824
40.1820
32.7156
29.8195
29.5566
36.9081
33.0764
27.8433
28.9379
31.9019
28.6373
30.9570
27.3367
33.0014
24.8721
27.1084
26.2529
29.9163
30.9858
33.1499
28.8060
33.0637
28.8267
30.7180
28.3361
30.1123
35.5635
34.7588
28.9383
34.0645
35.7186
38.3307
28.8342
37.0832
30.4678
34.2117
30.8151
28.8973
29.2032
28.9398
27.7612
27.3552
22.5899
28.5282
24.2421
25.4292
31.9093
29.4769
30.9518
32.5100
29.2412
31.6274
34.9406
37.2348
42.2756
38.4954
41.3793
41.1668
35.2626
38.8305
37.1498
37.4034
26.9983
28.2933
24.8182
27.5441
22.4909
23.4118
20.0315
22.3675
22.4963
22.3299
22.8282
20.9555
30.8564
29.6500
31.1924
28.3636
33.8357
38.1096
39.0839
37.3378
