60.2169
58.2914
85.7325
49.4904
61.4216
69.3898
60.7831
76.6765
84.2803
110.2002
61.5942
80.7019
98.5203
123.7415
66.2157
104.9872
109.3954
109.4174
67.6699
83.0863
89.4152
82.2425
75.6306
77.1834
97.9176
94.4314
93.2754
105.9878
71.0698
64.5703
54.9105
87.7325
96.7167
72.5278
62.8099
90.0509
147.2867
166.3928
150.9117
198.6586
172.7766
203.7851
170.2281
205.3360
88.8702
80.7547
74.2938
85.3698
116.1802
103.1286
75.4541
102.9394
221.6391
164.5349
161.3270
173.0366
159.4668
178.8017
129.0973
192.9584
63.4728
65.5087
53.1029
61.6639
201.6802
211.4970
161.2145
159.8259
97.7310
91.9924
74.5722
68.5774
133.3027
123.5656
115.0684
104.1217
93.1066
104.4996
102.1882
71.9226
78.7572
93.6324
104.0664
70.2662
102.3016
111.9919
108.0274
80.4257
65.9188
85.5474
62.3992
63.3929
78.4075
129.4398
98.6855
111.1342
81.6882
92.6379
104.8086
96.4118
74.5549
89.0472
57.3224
83.0817
108.9812
128.2173
82.6541
118.5609
58.1462
56.7225
73.5326
70.8135
64.3333
62.2080
63.5301
64.0324
82.5815
74.8486
82.8063
94.8102
55.5896
61.8889
57.8496
57.6790
63.8733
65.7550
61.1370
72.0291
59.8252
76.6984
80.6248
82.0632
71.3133
105.1395
89.0747
105.5239
144.3004
158.2334
160.2775
170.2187
79.6940
68.5587
78.5180
87.4646
152.5195
183.0996
208.9864
178.7387
159.1299
203.2571
198.4340
181.0923
142.3139
173.9342
157.2922
157.4886
121.8254
133.1211
101.7325
90.7348
183.5550
216.6023
206.6906
175.2765
48.9588
49.0792
51.5853
46.1954
71.3558
52.0593
60.8057
66.4255
64.8092
56.4451
68.3944
72.7187
163.2901
124.3805
103.6135
119.8397
106.4397
77.8107
115.6791
102.1888
60.4929
54.2450
57.6253
54.2049
90.7542
73.6958
74.2057
73.9997
63.6497
57.8188
55.7992
52.9062
66.7073
50.5233
52.2085
75.3951
42.5780
48.8514
45.9849
44.5418
58.7129
76.0924
62.5480
66.4657
88.9553
110.5860
87.0474
124.8625
95.8466
116.3614
103.4642
120.2322
52.0759
64.5615
52.6339
58.7747
74.4067
108.2737
96.2904
106.4007
41.9831
48.2282
39.5890
50.6149
94.8121
70.4363
102.0539
95.3121
82.3926
89.5653
78.0376
76.9752
113.2641
100.2191
105.3737
107.4437
103.0712
92.1391
103.2872
92.5009
103.5545
93.6315
108.7996
99.6191
117.6271
108.1153
120.1910
130.7243
143.1600
143.2831
140.5628
149.3300
139.8231
128.6039
137.9063
145.0730
96.1145
78.3897
101.6627
79.9497
153.6907
130.5283
149.8969
148.5185
124.9227
99.6518
126.3439
113.5567
122.5926
90.8954
127.9995
112.9183
78.1911
85.3301
98.6785
93.4531
65.6293
75.0564
71.4980
81.2366
142.7561
125.4414
133.4289
125.6676
88.0467
86.3274
80.8137
82.2267
101.1874
86.1120
86.1979
88.7553
89.1557
76.1221
81.5505
77.5419
125.3382
105.6180
159.2967
114.1907
130.5818
115.9401
126.1506
127.7821
106.1805
79.5445
88.7426
82.9966
86.1306
72.5144
76.4106
74.3569
147.1749
131.6767
143.7911
147.7778
95.0252
91.0632
89.3563
99.3283
96.3844
89.4077
96.2183
93.1251
88.9096
98.1878
66.7084
80.2940
70.9832
71.8114
60.5265
66.8081
106.1582
116.7849
92.7157
106.9809
124.4140
129.1565
110.5118
95.2600
120.0057
123.9642
98.9786
97.7349
138.9398
152.8553
106.7025
120.3413
98.7320
95.3537
82.3406
68.2271
83.3483
88.7713
75.9428
72.2428
67.2520
79.8334
76.9748
81.7065
95.2904
103.1102
117.8459
101.5294
100.7081
113.4727
119.7115
114.4900
197.6795
206.8110
206.8027
233.6081
172.7400
180.8180
173.7258
195.2151
103.0969
123.2924
103.3681
119.4007
72.8757
74.9992
72.3841
88.2498
64.1561
70.0938
71.8869
75.9645
80.2991
83.8152
101.7198
108.4459
167.6340
204.7794
199.0730
213.0179
