165.2155
194.8809
112.4533
161.1061
217.6507
248.3887
149.9639
190.5423
129.5133
133.2681
90.5929
113.3350
93.5657
96.3063
88.1606
111.3611
221.5588
236.0367
290.8219
341.1809
135.7801
167.6778
125.9623
143.3788
141.2791
109.8999
113.7224
94.9027
72.1514
66.3310
56.6505
76.4839
176.2725
223.8552
242.3820
168.3740
94.3621
118.1888
113.4161
72.2849
57.4053
51.2507
66.6234
46.1906
154.1112
154.7408
149.8502
233.7015
80.5928
63.0948
101.4142
72.1653
93.3680
119.4259
106.3267
72.2448
196.6805
183.7623
155.8288
145.4033
115.7614
123.4842
104.7563
129.0305
207.4660
174.6995
152.1693
141.6352
108.7992
117.5491
62.7450
154.9437
118.6973
105.9011
90.6744
133.9013
83.3025
72.2634
67.0350
82.1904
141.0823
158.3440
115.2105
163.7210
147.6035
147.5226
182.2076
166.2209
58.6861
64.0886
73.0077
49.0440
116.0168
178.6594
156.4487
135.3965
91.1547
101.1841
133.4156
96.6959
70.3850
89.1665
69.9354
45.2742
67.7531
84.1681
77.0684
85.9807
53.9399
44.4886
52.5881
37.6454
154.7962
125.9821
130.3567
92.9222
106.3071
106.1855
105.5832
76.4044
95.4680
101.2482
139.7694
103.5055
97.6511
115.5220
112.5907
74.2226
140.1047
162.4766
135.2364
182.6619
158.8022
146.3024
132.0330
143.3912
82.8398
91.7153
97.8205
95.5499
177.3204
157.4274
107.2443
170.3571
135.5669
135.3862
106.5393
135.4258
98.4647
95.0939
83.6151
77.8195
127.4858
194.4906
138.4771
180.6094
156.7414
118.0135
105.1862
170.3904
63.3652
58.5447
50.9783
48.0096
126.6825
177.3710
173.1124
141.4598
140.5777
201.8131
139.7127
179.6386
103.6012
80.9002
118.6754
97.3857
118.4494
139.9392
149.9363
158.8527
65.2753
68.8612
95.2582
54.7221
229.2065
250.2530
252.6716
161.5005
96.9937
114.5195
119.9253
130.3780
106.9040
100.7819
135.5287
105.6089
200.0730
199.7761
185.8207
185.9625
205.3365
189.4974
193.9092
247.8272
145.7208
156.8770
160.6956
173.5929
132.4033
176.0270
133.0638
150.9679
150.4227
140.3174
123.2067
153.1748
97.7886
74.0327
85.1628
73.1642
203.3444
158.9730
139.5790
209.8126
53.1197
36.1713
46.6383
55.4036
147.5388
148.6080
128.8422
153.0207
46.5133
54.5908
29.9522
40.2825
183.9781
168.4621
182.1799
201.8064
88.5602
88.5418
74.0313
125.9465
65.7128
99.5687
74.9998
60.3126
112.6067
82.4455
85.5652
102.1627
137.4781
148.2186
168.5276
172.8281
109.9964
108.0738
104.6618
129.6648
245.7778
187.9166
141.2288
189.7426
78.4365
56.2067
72.4023
76.1310
189.7667
194.8968
150.2955
156.1342
123.6497
127.9194
124.7607
143.2578
143.0802
122.9506
124.6348
132.4951
158.8849
133.6100
162.6599
166.1199
155.4629
167.4874
104.4389
170.8560
97.4567
92.8433
71.5978
101.6048
53.8928
58.7682
53.3607
51.8418
137.2323
119.1817
97.9353
154.6428
106.9524
94.7357
74.7796
110.6986
146.4272
160.3205
158.9138
172.3223
133.7383
114.3467
152.0660
156.0664
210.6639
145.6293
168.4020
206.1440
181.5211
193.0579
159.0307
140.9475
65.1481
61.2262
96.0445
59.5282
91.6034
92.7491
83.2863
107.9070
48.8772
50.6132
38.2684
39.4486
120.9448
75.3867
126.0526
115.9290
134.2617
138.2202
104.3909
140.1481
101.0898
85.5290
84.4051
103.0797
63.0519
89.5899
92.3117
94.6274
108.4060
106.1389
90.3836
115.8734
176.3870
169.1741
80.0685
162.6391
79.0326
59.4118
59.2094
79.2593
151.0626
192.5782
218.6546
223.0248
184.9841
165.0081
151.8600
171.7161
71.2549
94.7028
68.9499
46.9695
227.0910
194.4419
180.7947
198.7255
141.5868
188.3376
127.2963
196.3347
204.4589
172.4882
121.5569
159.7518
58.2440
39.5954
53.7503
51.1398
195.2234
200.0525
203.6906
174.4778
167.6450
164.3280
105.2410
141.8420
101.8284
107.0500
103.0924
89.6812
