85.5358
84.7115
62.2333
67.1026
102.3892
92.7241
68.6851
114.5754
76.6897
84.2767
55.7377
88.7149
82.1155
65.8411
61.8367
73.8634
147.7776
207.8506
239.4004
188.2606
76.0891
89.7842
57.1566
82.9645
71.8383
54.8214
61.8129
38.4757
46.0783
61.6281
48.3902
46.8875
73.2515
96.9258
83.5808
88.0643
48.8100
43.4248
58.5543
50.2932
38.5111
30.3389
32.5748
33.7519
92.3117
67.3435
72.3189
100.9616
49.1748
46.6369
40.3459
43.9776
56.5360
50.1461
67.2760
50.9576
111.9727
130.4197
119.7756
95.7265
55.0461
49.0131
65.1249
68.1648
105.7458
116.5784
107.3811
96.4589
67.0981
76.0676
50.1612
79.0446
85.8903
60.8681
60.9091
70.6475
76.4605
62.2149
58.8706
75.4248
62.2701
55.4874
66.7151
79.5725
74.8299
64.1711
88.3856
82.8214
30.4009
34.4481
27.4360
26.6380
104.1493
99.2494
93.1772
77.6974
104.0755
78.4968
78.6728
90.5091
25.1308
40.2979
24.9880
31.6943
54.5090
43.2668
38.1361
44.9358
34.0818
21.9431
31.3269
33.4157
64.6185
70.7676
58.9257
61.6275
61.9283
80.9001
55.0384
65.8825
111.7588
85.0055
87.3108
99.5133
47.4477
44.2811
54.0754
51.0330
66.2815
68.3001
56.8795
79.9206
62.1415
63.1551
62.4131
60.1004
90.5833
71.0133
68.1862
80.9565
80.1778
70.9585
59.4999
75.5000
71.0469
71.2601
72.5829
80.7587
53.8842
58.3903
44.7229
51.1627
88.2956
71.6077
94.7806
83.6029
71.6695
71.9512
57.5403
83.6606
35.0603
29.5372
30.2656
34.0518
111.0786
107.4903
98.8357
85.1444
99.0837
72.6229
99.8435
94.7902
65.0585
64.5535
54.4481
70.4945
64.1969
70.2070
84.0323
74.4206
36.1883
39.0831
27.9338
33.7532
81.2773
85.4831
95.5611
79.7745
112.0979
80.4003
87.2340
114.6189
75.2607
54.7022
84.3945
76.8925
148.4862
149.9683
131.8324
124.0670
107.9907
75.7407
92.4300
105.3717
134.2423
88.3174
111.1845
118.1480
100.9698
77.7327
68.0411
76.8290
65.3359
57.2762
64.6599
80.4011
83.3898
74.9407
60.1265
80.0978
119.4773
110.6553
113.9581
108.1756
32.8243
29.3193
34.7252
31.5909
72.5050
65.9989
56.6796
80.0717
27.2078
35.8366
23.3212
22.7904
103.5882
81.0237
82.7149
108.9746
49.8401
61.4482
43.3416
50.6903
41.8353
44.3467
41.8255
45.0595
85.2998
65.3177
61.2804
53.4196
69.5082
68.1063
86.3341
81.9807
60.9506
50.1938
65.5859
68.9949
74.8758
82.6958
86.8560
90.9019
33.6084
41.6179
29.4234
31.8267
115.5519
132.2268
123.2700
95.7013
71.7781
58.7504
67.6028
74.8832
96.5803
95.1681
94.1416
67.8663
104.7022
96.3760
96.9887
101.5437
87.6701
85.8471
61.1117
69.2224
71.9826
52.6646
52.7260
54.9129
26.6491
35.7459
25.4603
23.0758
64.8539
77.9720
52.2775
86.7060
72.4605
51.0676
53.6042
58.5338
122.7324
90.5368
104.5288
109.7420
108.3876
90.2190
99.1221
98.2465
131.8743
131.9078
120.2642
127.8701
91.9346
117.1859
96.4912
101.7089
38.8114
41.3806
29.3130
31.5338
75.5213
62.8401
58.8893
80.6238
28.5717
37.9567
23.0570
24.9316
95.8549
71.9183
80.1767
58.1070
90.6113
105.1148
114.1345
89.2682
61.0021
69.1403
56.4544
70.1910
48.1384
45.9847
39.9398
45.6621
59.4981
53.6907
53.5281
54.1092
56.8413
65.0248
62.5808
69.1518
52.0813
35.7903
36.4136
30.2184
141.9127
176.0670
165.2318
172.6997
125.1550
120.7727
115.6293
113.7263
25.5983
41.9666
27.1501
32.7440
128.2210
121.4320
130.4561
141.5193
63.7208
72.9763
69.9856
85.3788
106.3694
103.4039
107.2637
109.3809
32.2230
28.0051
34.6962
32.4774
99.6500
80.9077
83.3362
84.2513
54.7546
59.8807
62.0805
60.6881
51.8803
67.3640
46.8086
57.2212
