32.2214
25.8149
26.7369
29.3266
149.9360
146.8603
114.7154
117.2205
74.4105
67.5256
75.2796
70.4403
38.1354
40.5176
33.8448
38.4107
86.2650
84.7451
90.3018
75.1961
26.7363
22.6413
21.5207
20.0724
38.7432
41.5066
36.4802
37.9702
114.7376
123.1449
76.7147
93.5326
447.9571
396.3928
455.2221
458.0079
145.6096
163.2455
105.3384
134.3580
62.1543
48.4594
62.3241
53.2985
43.9160
41.2368
43.4278
38.0505
24.7167
26.0481
22.8710
24.2054
31.0398
29.0876
27.7911
29.2224
32.7293
29.0596
29.2544
26.7969
52.9113
56.4803
50.5557
49.6519
39.0806
36.4577
36.8850
36.7755
67.0268
65.3532
64.7726
57.1629
33.1594
32.8148
31.3072
31.0958
47.4014
41.1183
34.3450
27.7796
131.8169
153.2556
119.5325
150.8920
72.6619
67.5351
68.6451
70.3591
67.6173
69.0450
65.3156
58.3788
76.8351
72.1825
78.4772
80.5819
88.5701
104.8805
87.0453
82.6925
22.6120
19.3543
20.9639
19.5710
65.2270
64.1892
60.9908
59.9085
39.1791
37.9543
44.2880
36.2692
119.0641
109.5210
89.3343
92.9881
135.3646
124.1201
154.6858
158.9495
89.1170
98.9864
90.4892
76.5243
80.1576
89.0670
58.3799
92.7894
43.6137
44.3328
38.3384
40.2016
24.6710
25.3977
22.2923
25.0252
43.2751
40.7952
40.9964
41.5375
34.0691
36.8725
41.1429
36.9931
43.2683
42.1762
44.4036
58.9728
55.0002
53.2945
54.1015
55.4612
66.4040
64.0709
53.4207
62.4025
33.3821
29.6938
30.0008
28.3269
59.2856
88.3940
62.9514
84.4049
27.8172
25.1446
25.7781
25.4182
65.6060
69.6176
61.7581
60.8082
59.1497
51.9623
48.6384
46.6792
46.0837
45.9475
46.4255
42.2340
51.4780
53.8616
41.2775
37.5315
57.5345
62.0312
53.8293
54.3676
63.8326
67.6000
55.2020
65.3473
48.4268
37.6847
41.8818
31.3280
72.3000
79.3884
56.4708
54.0590
75.4090
71.4470
74.6501
71.4035
38.5698
37.4299
39.4270
38.1117
51.8655
47.6873
42.8155
43.1291
69.1636
68.9171
66.9025
59.0206
58.4163
55.9443
58.3376
64.3367
39.6988
37.2364
38.0912
40.9914
56.0210
51.9911
42.2647
45.4248
35.8057
32.3599
33.0979
32.1213
42.3748
47.4709
40.4227
46.0054
285.2850
347.1785
286.6705
334.3029
110.1580
111.2826
83.5710
106.6116
65.9828
66.2721
54.8420
53.0367
51.2712
48.2259
40.5072
36.6837
53.9508
72.9180
63.8749
77.2419
47.1624
52.5915
50.4838
58.9271
59.4667
43.6107
60.5842
52.4608
45.5427
52.0837
44.7367
51.7705
36.1139
33.0044
34.1785
33.5158
26.0969
26.9959
29.5444
21.5044
122.4608
110.5675
117.1604
98.9525
28.3304
25.5995
23.6656
22.2253
34.8015
27.9611
26.7771
26.2078
174.9655
199.3425
159.8332
204.9561
62.9519
63.2950
68.9167
72.0519
26.3041
22.1839
23.0278
21.7074
243.7784
210.4106
223.9112
214.6791
46.3230
49.4830
47.4657
55.7805
49.8798
52.1809
40.8239
35.9919
56.3078
51.5704
52.4721
51.9766
42.8264
44.3686
44.2560
52.2564
29.1012
22.7393
23.2650
21.2289
78.3099
73.4913
73.5095
78.1008
25.4792
22.1944
25.0621
23.9166
46.7761
44.9013
44.6691
50.2963
22.3064
19.0276
18.2842
17.1354
124.4608
156.0471
108.7604
148.2216
26.0235
18.2190
25.2644
24.2292
23.4553
20.0800
20.6411
18.2852
66.6821
59.2607
57.5048
58.4220
73.0078
71.8419
68.8132
87.8198
81.6663
92.7479
80.0594
96.8216
62.9012
66.7620
57.3047
69.2656
34.4657
27.1257
29.2147
31.1109
42.6173
39.2642
47.1759
42.4285
67.0388
63.6103
63.9362
59.8090
68.0086
70.7815
61.8285
60.9430
68.5145
66.7392
74.0224
76.6778
73.8852
83.3781
66.2270
90.1124
26.3680
26.5109
23.8608
25.8113
26.9311
30.7484
27.6605
31.2980
