21.6784
17.0243
17.6698
18.4757
72.1621
74.2829
49.0752
69.9607
61.4231
52.5135
50.4490
45.9714
22.8023
24.9317
21.9730
18.6932
74.3716
73.5279
77.8208
64.2745
14.0494
13.2210
15.8478
14.3466
30.6778
39.3996
37.3313
26.9484
56.2042
50.0017
33.3209
51.8993
284.0058
175.2264
219.2394
142.0612
60.6773
99.9222
64.2254
66.6764
38.2157
22.6471
26.0281
29.2743
30.8695
23.8444
28.1721
22.3439
20.0748
15.9228
18.4300
17.8059
20.6303
16.1437
19.4011
16.7715
19.1248
15.8384
18.3721
15.9727
48.3224
46.3637
47.2287
36.8590
27.8079
22.5182
21.5844
24.6162
59.8198
65.0625
62.3598
52.5496
23.6103
23.3122
21.7703
37.7311
23.2101
26.6088
18.7110
18.2420
84.5109
150.3258
132.7791
145.9925
49.9772
44.8677
42.7577
40.1079
57.1073
67.9250
61.3367
54.2100
56.4196
56.1746
57.6576
60.4803
60.9339
51.7678
57.0266
51.7333
14.8208
15.8609
16.9839
13.7739
27.8877
28.9548
25.2446
30.4632
28.2879
24.7980
26.2268
26.7939
52.6161
70.0845
48.4423
29.8986
94.7891
79.5422
71.6098
77.0961
86.7605
89.0131
82.4771
72.1348
60.2694
74.0103
69.3916
66.8753
33.0218
26.4687
32.5581
25.5660
18.9628
12.9330
17.3958
15.6900
31.0257
26.0326
24.6276
28.9222
19.3823
23.0459
16.9717
23.9816
44.3632
45.5548
43.2948
55.8204
39.5527
30.7919
32.4193
46.4775
22.6193
27.4863
23.0209
22.4042
23.4856
25.5269
27.1605
21.8568
22.1966
37.3014
28.0980
41.6305
22.4578
17.8078
20.0616
17.7649
55.2091
66.4110
60.6039
56.1763
37.5778
35.8878
34.0293
31.6349
43.8098
42.5887
42.1866
39.1751
48.6898
48.6036
47.6142
42.8944
51.0473
46.7481
50.4233
40.6219
42.7399
49.5800
47.0915
45.8572
28.0987
28.1653
24.5985
26.2176
26.6648
27.3108
26.1840
26.8024
66.9622
60.0790
56.1895
50.0892
19.4518
21.7164
20.6462
18.8996
20.0453
22.0783
18.4345
18.4935
59.3028
67.6643
61.5050
53.8725
36.7338
36.6217
39.2827
49.3666
37.6001
29.0097
31.7672
27.0283
17.2723
21.3408
16.2025
18.7685
24.5026
20.5780
23.8449
19.5473
24.1255
25.9800
22.3426
20.1922
149.5900
218.3755
192.3348
228.7676
73.1191
74.9644
39.0744
58.9757
23.7651
26.1651
27.1371
27.5779
32.3119
36.1331
24.5381
33.9407
41.3306
56.0143
38.3078
42.0900
44.3377
54.6021
53.5599
55.8163
27.9125
20.5111
26.3146
21.9006
27.3994
25.3028
26.2640
22.8807
25.0674
20.9003
21.7573
22.2500
17.7170
16.3349
19.1380
15.0017
101.9453
90.7105
92.9996
77.2410
14.1811
15.4433
15.8446
14.7573
37.9949
19.9049
20.1160
23.4211
80.9490
87.4306
80.0518
89.5449
54.4723
60.8088
56.5362
59.3808
16.5119
12.9499
15.9036
16.7729
158.3891
129.9525
140.8134
143.7287
44.5726
53.8939
50.7208
52.2359
52.9573
50.2566
42.2617
32.9836
24.4310
19.8444
20.5940
20.8490
44.6658
47.7826
43.4740
55.3452
17.4435
15.6906
17.1905
17.2787
35.7758
31.4343
40.9317
31.7220
17.9432
15.8599
17.4018
13.5234
31.7673
28.7924
30.6388
44.0623
20.8651
18.7241
14.2695
15.4336
57.5328
94.6531
78.2956
92.1352
14.3890
10.6813
13.7337
15.4561
16.5959
16.2876
16.9307
12.4766
58.6970
63.7790
52.3402
48.1875
34.6421
39.4120
44.7528
40.7359
50.3725
51.8605
55.3553
53.2197
55.2467
57.1846
36.6853
55.4926
17.7802
14.9545
16.9337
18.2803
33.7298
26.7171
33.7751
32.9701
32.8250
28.7643
32.5221
32.2966
58.9603
72.0634
52.3696
50.3252
57.1691
58.8924
58.0459
62.1430
35.3999
44.2923
35.9512
50.8379
17.8076
15.9899
19.0522
17.2851
19.3703
23.4201
21.1242
17.0709
