6.8104
6.1879
6.7116
6.3383
17.4641
20.9106
16.6088
20.1324
17.2354
15.0701
16.3068
12.3826
5.7457
6.3753
7.1222
6.2559
30.4174
34.3436
22.9378
24.4764
4.6594
4.9478
4.1795
5.0656
12.6912
12.7257
13.9452
13.2605
9.3149
14.3980
9.5875
12.3118
53.7543
32.8619
54.4481
41.2945
15.7964
23.4884
13.6202
19.1177
9.1796
6.2398
8.9199
8.6065
7.0635
9.7348
7.9582
6.2571
6.5044
5.6233
5.8245
6.1129
5.1967
5.0586
6.0256
5.6555
4.9244
5.0846
5.3241
6.0439
15.8254
16.8803
14.2869
14.3221
5.2875
4.5751
4.8436
5.0964
16.1376
14.6823
15.6871
17.3887
6.7648
5.5917
4.9180
9.8258
5.6582
6.5803
5.7493
6.0600
33.4199
39.6679
46.7993
40.7548
12.9223
12.9254
14.0898
13.7073
14.7145
13.3842
14.3636
15.3503
20.0627
19.8515
20.2302
23.4953
16.6868
15.1235
16.4785
17.3618
5.7878
5.1376
5.5677
5.2438
13.5752
13.7540
12.1035
14.0057
9.3569
8.8440
8.5410
7.8661
12.8520
13.9542
11.0613
9.7199
25.5008
17.7940
18.8613
26.8321
38.8493
49.6130
29.0506
27.4812
19.8353
27.1227
17.7342
29.8861
7.5336
8.3753
7.6680
7.5393
4.9678
5.1538
5.3886
5.5600
5.0185
4.3776
5.0812
5.1442
4.7112
5.1059
4.5894
5.8709
14.3854
15.5202
15.1724
18.3874
9.2189
8.8001
9.2192
11.4011
7.2208
7.7133
6.1009
6.6382
8.1346
8.6129
8.1413
7.8804
6.4159
10.4001
5.7938
9.4316
6.9340
7.2614
6.1846
6.9607
13.9580
13.4926
14.0795
15.5417
11.2164
12.3222
9.3889
8.5908
12.8505
12.9715
13.2474
12.7507
14.1409
14.1426
13.3872
13.6105
18.0413
17.5068
14.6960
15.5912
18.0863
17.3943
15.6919
17.3573
10.8034
7.0283
9.0113
6.5726
7.1098
6.6077
6.8976
6.4146
16.9343
16.9084
17.9431
14.7909
6.2523
6.1156
6.2922
6.4647
7.6045
6.2300
6.1890
6.3400
15.3808
13.6879
14.7767
16.1285
12.2197
11.6227
12.3265
14.7475
15.9306
8.7025
10.5607
8.4829
6.9965
6.7942
5.3481
4.9770
5.6516
5.3534
5.5988
5.8868
5.8572
6.5664
6.6285
5.8482
49.4018
73.5032
56.5255
58.2963
29.0905
26.3530
17.6658
14.2452
7.2029
6.8902
6.8852
6.5181
6.1425
12.1677
7.2327
8.6362
12.1411
23.9766
15.2485
12.1383
15.6039
17.5241
17.9187
20.3260
8.1334
5.8840
5.8885
6.8197
6.9788
7.4754
6.9810
6.7578
6.7186
6.2680
6.2423
6.8308
5.1586
4.8028
5.0171
5.1686
34.0001
30.1405
36.7049
32.8712
5.3682
5.3002
5.1735
6.2967
11.3647
7.6063
8.1515
7.1961
23.2933
32.9688
27.5758
26.4978
18.2796
20.8684
20.9982
22.9073
5.6487
4.9551
4.7979
5.2007
34.3929
29.9065
48.3507
47.5743
14.8143
17.9094
17.2440
19.6408
13.6468
14.3220
13.6962
12.8742
8.9664
9.1274
8.4290
8.6057
13.8030
14.8401
15.0340
18.5720
6.3332
5.7871
6.1373
6.1389
10.5620
9.1448
9.9187
10.3174
5.6627
5.7883
5.7046
6.1676
8.6767
7.0535
7.9828
14.6504
6.3372
6.6551
5.5950
6.3048
25.1469
25.0757
37.2365
34.3278
5.1376
3.8336
5.0217
4.3211
5.5723
5.6889
5.1939
5.8259
20.0657
21.6010
16.0572
17.8652
10.0042
10.3596
10.0942
8.8748
17.4537
17.5210
18.0870
17.8969
12.2174
10.9628
8.0587
14.8222
7.6534
7.4724
7.1053
7.8426
14.2176
10.0572
9.8243
10.7627
14.4473
14.0735
14.0976
13.5755
21.0785
21.7738
16.2100
18.0519
20.2140
20.8654
22.4879
24.1514
9.9930
9.8927
7.5702
12.0220
5.3529
4.8252
5.2160
5.1250
6.1360
6.1942
5.7265
5.8318
