35.2987
36.5839
33.4421
36.9106
137.4035
167.7976
100.1809
173.7991
116.0842
102.7213
146.1479
90.1244
53.5318
66.5039
53.7441
58.9073
148.5443
121.8260
165.5839
160.7449
52.8245
43.1097
42.9318
34.2430
72.0074
79.5420
66.8795
58.3945
127.7477
197.3713
78.2780
130.7723
486.2306
549.8276
524.7044
433.9269
138.8842
208.5782
116.5638
138.0562
82.0465
68.6254
89.1760
74.2366
78.7090
64.2619
68.4649
63.5303
55.1671
46.5417
48.4110
46.6110
69.9135
56.2386
60.4071
55.9335
54.5765
59.9516
51.6029
50.2844
78.2550
102.9719
87.8344
68.6684
100.7310
82.6145
83.3797
91.0961
158.0932
171.6351
152.8206
136.9482
70.3468
63.3150
67.5132
61.9817
54.5655
63.4981
43.2643
48.0042
202.1306
265.8740
161.0424
226.6497
88.0693
83.3265
121.6632
86.0879
167.5004
196.2302
172.4872
158.2753
140.4976
134.7862
147.7904
139.6194
154.0071
141.6570
149.5600
152.3909
40.6500
32.4046
27.2584
26.2075
57.4852
63.1625
65.6680
48.7060
71.6315
64.6424
76.7883
67.1519
107.8945
118.4208
54.4975
124.9710
156.6416
157.1957
171.3075
154.6408
156.7156
152.8226
174.8177
161.6114
110.7942
123.6177
112.2861
100.6673
89.7030
76.3472
80.3690
76.7744
57.5397
47.2116
47.1846
49.1109
116.6786
97.0963
93.9613
108.6852
85.6808
77.1182
56.2998
74.3452
99.0926
107.3141
112.5398
102.6795
72.2436
82.1636
84.7504
72.5939
66.6634
71.6524
76.1576
69.4550
40.9543
42.3528
42.4320
41.5739
97.2893
92.7007
55.7267
147.6026
33.7846
45.1658
39.7108
36.1928
173.9595
205.2516
175.6607
169.8646
101.5596
88.0221
79.6560
87.1573
88.3149
73.1256
78.0000
60.4143
114.7611
103.6992
85.4130
59.5636
86.4127
104.1938
99.8679
73.5057
111.2339
103.6775
104.7940
106.2848
64.7663
57.4096
62.9872
45.7514
60.9611
68.4867
68.9074
63.8017
109.3723
108.5788
156.6603
89.5637
53.8332
65.7846
44.6492
69.3281
49.5613
49.9366
52.0780
37.5396
167.1854
189.9021
165.0446
151.5480
71.2928
78.2969
74.6266
113.5924
65.0699
52.0375
54.7049
56.1601
51.0816
56.6285
58.9386
46.0227
87.5509
70.8886
75.0924
73.1030
54.8188
73.4974
59.4706
62.3420
387.9850
470.5280
279.8578
412.3209
170.9939
103.6820
124.5202
90.8099
61.6504
71.5132
73.6577
70.5167
56.7472
79.0544
48.3053
57.5465
77.8673
103.1728
78.2903
68.2557
104.9362
125.0669
117.6649
120.1029
91.6875
65.8212
88.0563
70.4353
56.4556
80.9745
52.8234
66.2291
78.4091
65.6780
67.4508
68.4069
50.7072
47.1603
41.0589
41.6152
181.2356
129.3515
138.3298
149.4972
52.2090
54.4227
35.9102
49.2911
55.9417
41.1804
36.2258
40.4601
233.2603
291.0103
177.8464
271.7357
118.8782
125.7387
128.2512
137.3651
53.8523
49.1092
46.4749
40.5738
247.7873
244.1684
257.0687
281.1081
95.5012
114.1783
100.6458
112.2058
105.2892
93.6327
85.2228
66.2831
46.9064
54.5120
44.3249
51.8798
94.7749
105.1534
105.6535
110.4167
58.1266
47.7943
51.3912
40.2153
80.2120
78.3213
86.6491
84.7693
49.8825
51.2485
44.6514
34.4476
62.6130
61.8616
69.3484
64.3236
57.0628
43.4028
44.1571
40.1750
133.6505
142.2888
130.1020
197.5705
35.3141
30.2114
35.3703
35.1733
53.9352
40.4468
39.8716
40.4536
128.2209
99.4836
92.4607
110.4755
87.1367
80.7062
115.3223
111.9974
155.4014
133.7410
129.1320
167.7045
111.5967
108.2901
111.5237
111.5354
42.5275
34.3234
29.9582
30.7394
76.6881
85.0217
79.8475
67.0518
57.0059
60.5355
66.5781
46.1897
123.1331
108.0413
95.8070
117.0794
128.2846
132.8992
135.4072
140.6762
90.5153
106.8466
103.5568
146.2836
64.9274
48.6110
48.2390
45.5137
43.8237
56.8446
47.9622
56.0012
