229.6360
230.2734
249.3248
183.9915
265.6388
206.1021
261.4828
282.6912
307.8576
259.7996
205.2103
195.1805
55.9691
50.6168
41.4288
45.4134
109.4373
93.8327
81.0301
87.3346
36.3478
31.6487
44.6620
37.5671
199.2295
248.8674
215.5577
186.4579
91.9082
90.1657
87.4684
82.5131
119.2537
101.4732
86.2137
93.6194
447.3261
481.4484
395.1959
426.7313
225.9094
211.8406
221.4583
210.7310
141.1129
102.2435
130.9371
127.9145
219.8703
225.5153
216.7467
138.2729
39.0622
36.5009
54.8412
76.9934
65.8935
56.7124
40.9617
50.1487
23.5667
27.7452
23.2724
19.1096
376.0914
253.5768
327.7120
319.7882
74.9608
78.3155
61.6000
36.0197
136.3058
138.8274
113.5549
119.3536
95.7896
76.8265
70.3371
58.8339
35.7742
33.9110
37.0398
52.2656
88.4484
95.8047
82.3452
74.1094
85.8035
102.0072
74.4100
92.3351
109.9026
103.8083
88.2869
92.4747
82.6148
108.3945
146.2842
181.1100
46.2573
60.0966
46.0525
41.3508
293.4835
295.3587
239.7524
288.8217
137.9737
112.7258
107.7704
110.0162
42.5869
39.2702
67.4085
93.9929
300.2176
230.8290
221.4799
233.0664
46.8647
85.2020
114.5564
112.1921
33.7647
25.1952
26.8008
27.2435
56.1794
59.1188
50.5871
60.2002
266.7487
178.0497
207.4761
196.6619
356.0348
340.3663
284.3978
313.3485
47.0243
41.6937
38.3018
33.8594
360.6709
345.0353
291.7157
250.6887
35.6036
46.4568
48.7744
46.3636
33.3323
29.3264
26.3646
30.5237
79.0667
87.0122
65.4386
70.2327
160.3102
180.3715
216.4580
230.6484
112.9639
107.6901
111.1224
85.6299
24.8584
27.2081
23.6322
30.4207
103.8919
89.4934
100.0330
87.8795
80.3537
71.7311
53.0944
47.3717
90.4775
66.3934
72.3674
92.4760
452.2971
453.5142
406.5308
407.7970
68.9366
57.2571
60.3890
58.2250
368.9293
269.5544
250.8662
207.7989
76.5450
84.6928
93.7193
71.0014
32.4525
50.6236
54.9383
68.1358
185.7181
183.5721
183.0231
135.6732
77.5383
84.7128
96.9555
104.9954
113.7443
83.1542
68.4602
56.2385
38.0553
33.4692
36.2231
32.6363
44.1817
54.6481
51.3704
66.8355
67.3649
70.0867
69.3447
68.9336
97.5729
106.6638
93.2361
73.0105
187.6939
177.2307
141.7696
156.2182
226.2845
216.7463
203.5843
187.1855
142.8727
118.6413
102.1196
121.3465
118.3706
111.1206
90.7737
88.7594
36.7743
34.7791
37.3999
34.1144
41.7839
35.2889
48.1448
64.5480
96.7160
77.5834
93.9158
62.7015
76.7296
78.0093
86.5487
92.3893
167.5104
170.5767
133.8476
136.3149
360.7358
334.0590
246.2593
203.9238
77.5764
88.7258
96.5262
107.3037
41.5604
51.2350
44.7448
35.0832
31.9204
36.0608
42.2790
50.7850
114.1765
97.1572
94.9077
90.9770
72.6487
75.4595
64.4842
81.5165
50.9153
51.9869
54.1457
55.6601
51.2044
44.3128
36.1618
34.0693
378.5930
353.9892
307.1790
272.8125
39.7616
28.9264
38.7170
43.9362
49.5944
50.9467
58.8434
66.4880
241.2517
225.1429
184.3337
165.7136
114.6403
124.4932
116.2848
92.3530
169.9514
148.0551
162.9537
211.3325
160.4074
151.0867
88.3397
63.2602
53.7995
48.3519
43.6811
40.0331
54.4802
49.0914
41.2236
47.7345
260.6585
265.4168
257.7281
254.9512
132.5365
125.5528
120.5133
108.4293
57.0593
64.6972
56.9704
64.0193
50.6266
46.0751
40.4751
34.9742
58.7909
42.8558
45.1744
70.2324
169.3742
171.6448
157.9403
178.2656
136.1420
181.4281
224.4530
165.8652
109.4852
96.7474
85.6931
89.3186
187.9321
254.6277
187.7182
176.7166
93.5417
92.0982
95.7535
73.8463
85.6132
86.6179
84.4561
76.2178
34.9184
27.0793
28.9683
30.3605
116.6903
131.8094
133.0763
130.7423
92.1465
71.5526
81.4607
69.8048
202.8124
258.1612
172.1778
160.9191
91.6601
75.5414
64.8364
77.3107
