803.1390
847.3401
761.2057
914.3807
1130.4774
849.7499
571.5877
651.4475
555.3602
594.6002
449.3425
595.0563
497.6450
451.5682
451.4696
347.7145
769.6656
846.9603
806.2211
524.0413
357.6778
344.8430
235.7732
310.5327
258.8637
298.7559
338.4794
264.9155
1581.2736
1378.7867
1087.7088
760.8626
907.7543
788.7640
757.2033
923.9869
757.5992
938.2936
861.8702
693.8716
961.5799
906.4206
757.8136
733.7905
1418.8350
1554.2438
1169.5911
1027.9594
1780.7890
1471.2153
1191.9513
1267.9195
310.1355
280.4927
231.9691
214.4724
301.0623
363.7033
271.1322
291.3658
73.1616
103.4469
110.3851
99.4053
1456.4179
887.2364
842.1092
834.0355
263.8612
221.7921
176.8532
213.5835
1070.2974
849.6473
978.6622
1020.3882
605.7981
650.3153
533.8456
389.9038
257.4527
239.4180
279.5341
162.7849
405.0669
358.0840
337.9985
306.6407
429.4178
364.5214
346.9537
307.0013
790.6080
718.6141
700.6436
612.8694
696.9790
547.1015
568.3756
632.1802
712.8091
754.5113
661.7133
626.9921
1122.3699
875.6854
1128.7729
850.6213
1179.6301
818.2812
920.4550
1016.5216
168.5508
186.3608
250.9921
308.9922
1133.5764
1207.0736
1246.9561
864.4245
650.2900
778.9940
938.0864
766.8547
200.5544
221.9715
232.7538
219.9871
716.3418
908.8181
748.4084
682.7965
916.5018
853.2257
719.4852
721.4483
862.6000
761.4783
759.2296
733.3178
553.5484
678.6180
366.6471
388.0219
1010.5593
857.4780
973.4994
1140.2065
262.3408
363.3542
374.6282
291.0829
282.5910
299.3948
317.5706
267.8820
220.2864
196.7697
190.8514
179.9843
852.4674
718.4808
615.3279
321.9369
1008.6131
928.9626
900.5863
821.1890
262.4770
275.3516
296.0301
229.0754
891.0583
892.5723
922.9981
869.3913
172.0322
152.4230
219.7477
156.1167
741.8830
585.4891
732.7180
792.0318
871.0467
981.6483
940.5626
840.9428
660.8433
552.0935
672.5706
616.6677
1148.1803
1423.1404
1127.6542
912.8457
869.1364
894.0086
803.4546
442.0348
258.0892
266.2930
184.4203
233.4096
437.8352
431.4598
332.7798
361.1092
303.9926
381.7901
237.8693
354.3278
643.5196
716.0321
584.0554
679.1764
337.3198
355.3656
247.8808
351.4231
352.9931
384.4167
368.1364
329.3944
794.2358
769.6762
783.9412
701.4693
705.3526
736.9120
629.2489
610.2901
1555.6122
1311.6469
1250.2307
1261.0623
655.5456
803.6429
786.3358
739.7752
683.5972
575.8376
569.8574
523.6718
926.6759
660.5622
666.6963
558.9194
328.2620
433.4000
307.2363
281.2291
320.4929
283.5651
247.3928
224.5698
586.4341
573.5275
734.0941
625.0467
612.1896
652.7240
649.3762
609.5635
1362.7866
1253.3616
1054.9934
864.7355
1324.4794
1602.7327
1299.8898
968.4348
368.0257
321.5716
349.4822
314.3578
646.9824
688.6591
468.2611
396.7996
269.8269
302.2566
215.7414
218.9596
835.9222
827.2227
643.2081
562.5882
640.4106
691.2994
685.1714
693.2981
122.7824
161.6456
144.6876
148.6948
627.7664
718.0450
496.7411
436.4794
759.4562
807.1563
661.6209
850.3495
294.2953
230.2191
208.2195
235.0057
320.8198
305.5898
270.0143
219.3056
1183.0496
1369.2187
1271.0778
1087.3576
1577.1818
1689.2136
1617.0392
1057.3550
782.2442
772.6070
626.6625
576.1349
1501.5516
1352.3132
838.6994
824.9502
235.5791
215.2859
244.7014
212.9892
220.3282
170.8983
145.5614
131.7493
800.8603
791.3017
805.2338
745.6477
451.9506
415.3512
365.7548
370.5101
771.3986
914.8169
796.0288
772.2455
581.0347
654.3719
528.8107
398.2944
162.5943
174.8683
185.7239
253.6011
508.0559
511.0879
498.9905
426.1219
871.1299
1012.3238
782.5803
667.4656
516.2150
591.9595
429.8470
546.9625
652.0762
712.8097
763.1012
763.4393
865.8199
822.1426
856.1687
772.7008
641.6722
696.6638
585.4026
587.4560
260.0330
352.0269
264.5433
266.0673
1421.0620
1769.5869
1722.3583
1588.7413
926.0662
876.6082
759.1703
735.1231
985.8646
921.1357
786.0090
811.6226
753.4604
781.0155
589.2375
609.8972
