0.8019
1.0577
1.3575
1.0198
0.9192
0.7870
0.7985
0.8539
0.7803
0.7271
0.8178
0.8500
0.7312
0.7985
0.6615
0.8644
0.8669
0.9589
0.9759
0.6958
0.7419
0.8894
0.9715
0.6896
0.6415
0.7993
0.7472
0.8058
0.6775
0.6817
0.7427
0.6224
0.6034
0.6225
0.5545
0.7756
0.7668
0.5128
0.7245
0.5522
0.5588
0.5807
0.6547
0.7161
0.7512
0.5434
0.8183
0.6019
0.5928
0.5421
0.5224
0.5412
0.5552
0.5337
0.5902
0.4300
0.4502
0.4807
0.6005
0.5317
0.8303
0.7739
0.8045
0.9058
1.0277
1.0716
1.1325
0.8650
1.0774
1.0151
1.0055
0.7706
1.2121
1.1509
0.8697
1.2127
1.0057
1.0167
0.6567
0.7018
0.9608
0.7614
0.7748
0.6531
1.0289
1.1839
0.6093
1.0122
0.7150
0.7608
0.7405
0.9463
0.7350
0.5827
0.8487
0.7315
0.7392
0.5643
1.0154
0.9350
0.7136
0.8888
0.8946
0.8142
0.6046
0.5861
0.8095
0.7422
0.7195
0.6421
0.9464
0.4519
0.5483
0.7392
0.4976
0.6041
0.7108
0.8778
0.6471
0.6455
0.8036
0.8990
0.6506
0.7802
0.8562
0.8527
0.8850
0.7255
0.8277
0.7323
0.6526
0.7047
0.7464
0.8975
0.7976
0.7320
0.8570
0.8979
0.8853
0.7297
0.8892
0.7384
0.6289
0.5758
0.7647
0.7098
0.6931
0.7004
0.6452
0.5328
0.5582
0.5935
0.8103
0.7577
0.5910
0.6383
0.5074
0.5481
0.5066
0.7070
0.5967
0.6864
0.6661
0.5358
0.5196
0.4557
0.5667
0.5809
0.5152
0.4829
0.6479
0.6321
0.5878
0.6342
0.5673
0.5414
0.6409
0.7309
0.4297
0.6909
0.7833
0.9598
0.8071
0.8862
0.7936
0.6947
0.6761
0.9482
0.8676
0.7860
0.7913
0.7092
0.6856
0.6595
0.6349
0.7037
0.8342
0.6990
0.6074
0.6500
0.6769
0.6635
0.6546
0.7206
0.8161
0.8056
0.5224
0.6931
0.8921
0.5748
0.6286
0.6224
0.6894
0.6843
0.6767
0.5915
0.5471
0.5755
0.6435
0.5537
0.7226
0.6243
0.5736
0.6299
0.5808
0.4894
0.6247
0.6406
0.5284
0.4550
0.6784
0.6443
0.5208
0.5917
0.6574
0.6286
0.5626
0.6251
0.5992
0.4928
