0.6678
0.5260
0.4995
0.5653
0.4524
0.5041
0.4784
0.5691
0.3721
0.4141
0.3580
0.3877
0.4070
0.5588
0.3339
0.6067
0.4132
0.4847
0.4880
0.3663
0.5669
0.4846
0.4909
0.3488
0.4206
0.4572
0.4764
0.7002
0.6939
0.6723
0.3898
0.4671
0.4055
0.2794
0.3088
0.3315
0.3480
0.2965
0.2979
0.3424
0.3776
0.3955
0.3417
0.3228
0.5601
0.3409
0.3691
0.3794
0.3803
0.3712
0.3661
0.3958
0.3298
0.2788
0.3223
0.1500
0.2776
0.2569
0.3082
0.2172
0.5206
0.5176
0.3542
0.5740
0.6970
0.7987
0.8102
0.7075
0.7844
0.5879
0.6196
0.3809
0.6242
0.7364
0.6884
0.7627
0.5878
0.5500
0.4132
0.4494
0.7574
0.5419
0.6110
0.4976
1.0647
0.9273
0.5375
0.7643
0.5912
0.7605
0.5702
0.4256
0.3682
0.3710
0.3735
0.4363
0.4473
0.3888
0.5565
0.5827
0.4652
0.5093
0.5009
0.3409
0.3588
0.4791
0.3573
0.3687
0.4822
0.4985
0.5937
0.4013
0.3304
0.4168
0.2972
0.3261
0.4102
0.5484
0.2725
0.3561
0.4419
0.5055
0.5055
0.3820
0.6764
0.7472
0.5218
0.3759
0.4078
0.5159
0.3603
0.4356
0.3907
0.4460
0.4543
0.5056
0.4980
0.4419
0.5141
0.4463
0.6273
0.4324
0.3933
0.4002
0.6221
0.4809
0.4554
0.3699
0.4316
0.3293
0.3094
0.4285
0.4705
0.4365
0.3934
0.3834
0.3492
0.3995
0.3649
0.3452
0.3245
0.2813
0.3329
0.3539
0.3118
0.3716
0.4306
0.2600
0.2803
0.4085
0.4839
0.4665
0.4255
0.4962
0.2976
0.3094
0.4116
0.3420
0.2047
0.3350
0.4995
0.5441
0.4222
0.5610
0.4260
0.3738
0.3389
0.4620
0.5450
0.5536
0.3528
0.4091
0.3706
0.6142
0.4352
0.4408
0.4794
0.4981
0.2876
0.5066
0.4523
0.4001
0.4240
0.5452
0.4771
0.4976
0.4603
0.4887
0.5089
0.4267
0.3970
0.3340
0.4043
0.5075
0.3819
0.4250
0.3664
0.3406
0.3685
0.2962
0.4095
0.3788
0.4327
0.4560
0.3513
0.3002
0.3524
0.4317
0.3290
0.4394
0.2502
0.3273
0.2770
0.2803
0.4565
0.2763
0.3080
0.4034
0.3263
0.2896
