0.1280
0.1151
0.2164
0.1387
0.1768
0.1840
0.1328
0.1463
0.1857
0.1485
0.1561
0.1261
0.1713
0.1899
0.2142
0.2756
0.1155
0.1467
0.0951
0.1405
0.1654
0.0961
0.1226
0.1207
0.1533
0.3273
0.2348
0.5820
0.4065
0.4094
0.0800
0.1037
0.1020
0.1931
0.1909
0.1868
0.1689
0.1789
0.1456
0.1322
0.1812
0.1273
0.0878
0.1359
0.0795
0.1563
0.0911
0.1715
0.1013
0.1125
0.2983
0.1960
0.0672
0.1435
0.1914
0.0837
0.0550
0.1206
0.0634
0.1015
0.2364
0.2699
0.1267
0.1864
0.2451
0.3350
0.2140
0.4658
0.4965
0.2499
0.2542
0.2070
0.3418
0.3392
0.3310
0.2626
0.3271
0.2894
0.1367
0.0841
0.2239
0.0896
0.3961
0.1165
0.1848
0.1894
0.2788
0.2446
0.1981
0.1507
0.1331
0.1017
0.1026
0.0800
0.1497
0.1680
0.0953
0.1066
0.3014
0.2107
0.1686
0.1490
0.1777
0.3388
0.1553
0.1830
0.1268
0.1056
0.3577
0.1570
0.1127
0.2397
0.1336
0.1038
0.1862
0.2578
0.1763
0.1257
0.1267
0.1277
0.1571
0.2872
0.1742
0.1439
0.2002
0.2105
0.1773
0.1317
0.1994
0.1816
0.1388
0.1991
0.1454
0.1243
0.1252
0.1675
0.1003
0.1184
0.1347
0.1600
0.1086
0.1428
0.1764
0.1321
0.1224
0.1419
0.1196
0.1510
0.1648
0.2219
0.1835
0.1285
0.1801
0.0957
0.0883
0.1391
0.1573
0.2189
0.1043
0.1467
0.1018
0.1534
0.2636
0.1431
0.1483
0.1614
0.1919
0.2487
0.1504
0.1722
0.1118
0.2402
0.2202
0.1066
0.1828
0.2083
0.2207
0.1387
0.3121
0.1834
0.1689
0.1779
0.1084
0.2663
0.2801
0.1422
0.2422
0.0941
0.2028
0.1049
0.1088
0.1265
0.0934
0.0981
0.1812
0.1175
0.1199
0.2060
0.1196
0.1537
0.2387
0.1303
0.1393
0.2261
0.0918
0.1118
0.0892
0.2779
0.1983
0.1233
0.1528
0.2134
0.2050
0.1144
0.2430
0.3065
0.1656
0.1306
0.1658
0.1606
0.1360
0.1346
0.1354
0.0925
0.1370
0.1406
0.1384
0.1837
0.1122
0.2738
0.3522
0.1225
0.1497
0.2608
0.3391
0.1027
0.1777
0.2993
0.2140
0.2140
