0.3718
0.5929
0.8067
0.7192
1.0210
1.0347
1.1287
0.8540
1.0350
0.9819
0.9778
0.8437
0.7569
0.7061
0.7863
0.6543
0.6839
0.8332
0.9059
0.8675
0.8581
0.6022
0.6942
0.6684
0.5741
0.7447
0.6357
0.6315
0.7737
0.7436
0.6963
0.7179
0.7864
0.6883
0.8753
0.8439
0.7098
0.7170
0.8098
0.8186
0.5344
0.5450
0.2743
0.4316
0.7377
0.6462
0.6206
0.8796
0.8005
0.7779
0.7345
0.8700
0.9496
0.9704
0.8108
0.8550
0.6189
0.5916
0.6927
0.6408
0.9249
0.7978
0.9076
1.0457
0.8407
0.7448
0.7436
0.7825
0.8234
0.5046
0.7900
0.6813
0.8460
0.5410
0.6684
0.7172
0.7343
0.9836
0.7861
0.8408
0.6527
0.8796
0.9354
0.7868
0.6700
0.8227
0.5467
0.5325
0.5544
0.7467
0.7999
0.7448
0.6754
0.7353
0.8147
0.6577
0.6093
0.6655
0.6702
0.5043
0.4952
0.7010
0.5405
0.6449
0.6784
0.7534
0.7643
0.7089
0.4153
0.4177
0.6424
0.7064
0.5550
0.3800
0.5619
0.3134
0.5244
0.4858
0.6563
0.4699
0.7462
0.7489
0.7432
0.4842
0.4609
0.5830
0.6156
0.6125
0.6152
0.5664
0.5374
0.6541
0.5054
0.7542
0.6621
0.5706
0.4856
0.4850
0.6542
0.4764
0.5625
0.7817
0.9049
0.7984
-0.0000
0.0362
0.0434
0.8189
0.3249
0.1110
0.3013
0.7647
0.7772
0.6826
0.5149
0.4944
0.6111
0.6225
0.5300
0.6444
0.8958
0.8026
0.6228
0.5597
0.4758
0.6619
0.7095
0.6046
0.0135
0.3126
0.4889
0.8238
0.5077
0.7448
0.6538
0.7201
0.3932
0.7364
0.6640
0.8982
0.6645
0.7078
0.7031
0.6268
0.5333
0.4649
0.6749
0.5851
0.6080
0.6084
0.7489
0.5974
0.4996
0.6497
0.5912
0.5378
0.6573
0.4850
0.6902
0.6296
0.5572
0.4325
0.6474
0.5666
0.6588
0.7076
0.6645
0.7306
0.5651
0.3933
0.0765
0.8681
0.8079
0.6733
0.6883
0.7379
0.6248
0.5038
0.5438
0.5959
0.6942
0.5360
0.6778
0.5772
0.6304
0.5184
0.6132
0.5746
0.6158
0.5791
0.5111
0.4089
0.5332
0.5280
0.5399
0.5447
0.6319
0.6942
0.5780
1.0669
