0.6814
0.6423
0.8857
0.6618
0.5455
0.6876
0.6202
0.6565
0.6797
0.6012
0.7624
0.6780
0.6325
0.6364
0.7063
0.8008
0.6552
0.6055
0.7458
0.5701
0.6175
0.5923
0.7224
0.6530
0.6033
0.6711
0.7241
0.7221
0.7459
0.7562
0.6617
0.6703
0.6555
0.5085
0.5967
0.5408
0.5575
0.6670
0.6076
0.6898
0.7650
0.6663
0.6765
0.5941
0.6014
0.7524
0.5935
0.5453
0.6873
0.5395
0.5382
0.6209
0.5911
0.5623
0.6385
0.6351
0.5264
0.5773
0.6151
0.6441
0.6416
0.7875
0.7474
0.7898
0.7578
0.6297
0.7264
0.8604
0.7492
0.6120
0.6697
0.6559
0.6805
0.7263
0.6355
0.7083
0.7581
0.6715
0.5816
0.6326
0.5889
0.6510
0.6518
0.5874
0.7121
0.6615
0.7011
0.8257
0.6620
0.6423
0.7832
0.7681
0.6214
0.9031
0.6827
0.6636
0.8420
0.6944
0.8363
0.7284
0.6812
1.0122
0.9176
0.7296
0.7016
0.7291
0.9376
0.9192
0.7076
0.9132
0.7895
0.7725
0.7195
0.8089
0.8241
0.8442
0.7446
0.8371
0.8445
0.7759
0.9095
0.9121
0.7780
1.0264
0.9590
0.8531
1.0100
1.2106
0.9163
0.9292
1.0429
0.7145
0.9878
1.1800
0.8305
1.1232
0.8830
0.7333
0.8731
0.8807
0.8917
0.7791
0.9056
0.8023
0.8575
0.8886
1.0617
0.8792
1.0028
1.1976
1.0151
1.1750
1.0415
0.8662
0.9612
0.9771
0.8479
0.7548
0.9487
0.8508
0.9820
0.8496
0.9113
1.1457
0.9989
0.9754
0.9342
0.8176
0.7238
0.7499
0.6153
0.9190
0.9839
1.0097
0.7740
0.9409
0.6527
0.8342
0.7646
0.7448
0.8395
0.7595
0.8776
1.0062
0.8688
0.8955
1.0042
1.0138
0.7888
0.7914
0.7248
0.9438
0.7918
1.1018
1.0210
0.8190
0.8231
0.7068
1.0098
0.8982
0.7802
0.9662
0.8688
0.8247
0.9886
0.8940
0.8850
0.8052
0.8083
0.7785
0.9471
0.9607
0.5905
0.9111
0.8765
0.7313
0.7761
0.7256
0.6671
0.6818
0.7530
0.6360
0.7313
0.8100
0.8094
0.8714
0.7784
0.6686
0.8350
0.6129
0.7946
0.6539
0.5987
0.6159
0.8616
0.7591
0.8057
0.6927
0.7729
0.9101
