1.1701
1.3102
1.5878
0.9065
1.4693
1.4929
1.1279
1.2085
1.2427
1.3678
1.3524
1.1632
0.9555
1.1340
1.4469
0.9217
1.0116
1.3404
1.2040
1.0445
1.1527
1.2557
1.3825
1.3022
1.6625
1.3994
1.2087
1.4110
1.0460
1.2074
0.6900
0.9578
0.5913
0.6574
0.8398
0.8398
0.7138
0.7755
0.8172
0.7503
0.8544
0.7492
0.9295
1.0747
0.7427
0.8797
0.5837
0.7852
0.7427
0.8622
1.3059
1.0223
0.7898
1.0109
0.9784
0.4002
0.8490
0.7913
1.0673
0.9659
1.2859
0.9905
1.2353
1.2119
1.2200
0.9679
1.0399
0.9898
1.0261
1.0644
1.0806
1.2016
1.3218
1.1779
1.1244
0.6183
0.9820
1.2168
1.0640
1.3344
1.2626
1.1120
1.0198
1.4994
0.9952
1.5618
1.2290
1.1687
1.1201
1.1381
0.9383
1.1451
1.4326
1.2786
1.3026
1.0953
1.1072
0.9565
1.0572
1.0222
1.0719
1.0850
1.0595
0.8773
1.1018
1.0285
1.1068
0.9894
1.2063
1.2022
1.2566
1.2495
0.9731
1.2685
0.7975
1.2188
0.8392
0.8655
1.0546
1.2745
0.7712
1.1848
0.9109
0.8907
1.0146
1.0386
1.0986
1.1499
1.1441
0.5449
1.1073
0.8794
0.9032
0.8977
1.0593
1.3697
1.1754
1.1273
1.1821
1.1314
1.0833
1.1316
1.2850
1.3770
1.2871
1.3244
1.1462
0.8072
1.2048
1.2528
1.5484
1.1462
1.0253
1.1344
1.3336
1.2144
1.1614
1.0787
0.8558
0.7313
1.0027
1.1073
0.3423
0.9341
0.9415
1.2387
1.4061
1.1558
1.3705
0.9429
1.1382
1.1692
1.0439
1.1091
1.0371
1.5425
1.3130
0.9865
0.9756
1.0656
1.1394
1.1956
1.1803
1.3096
1.2321
1.5261
1.6376
1.0986
0.9502
1.4285
1.0278
1.6468
1.5533
1.2104
1.3320
1.4307
1.3103
1.5640
1.3863
1.1309
1.2528
0.9746
0.9851
1.2171
1.0712
1.3570
1.2334
1.1325
1.3683
2.3273
0.9945
1.1883
1.0927
0.8827
1.0525
1.2753
1.3227
0.8125
0.8503
0.8786
0.8484
1.0451
0.7556
0.7650
1.2889
1.2882
1.1103
1.3034
0.9963
1.1226
1.2680
1.2879
1.1221
0.9305
1.0422
1.4218
1.1471
0.8111
0.9436
0.6479
