0.3393
0.2870
0.3368
0.2899
0.2615
0.1676
0.4141
0.5947
0.4975
0.4927
0.4322
0.4773
0.4869
0.4479
0.4726
0.5406
0.4131
0.5037
0.4467
0.2972
0.2996
0.3128
0.2913
0.2995
0.2894
0.2514
0.2184
0.6114
0.4685
0.3946
0.1348
0.1745
0.2141
0.3756
0.4398
0.4157
0.4680
0.3103
0.2515
0.4093
0.2742
0.3260
0.3360
0.3223
0.1812
0.2503
0.2463
0.1976
0.2540
0.1926
0.1893
0.1604
0.1350
0.1354
0.2385
0.0649
0.1344
0.1501
0.0982
0.1286
0.4542
0.5001
0.2675
0.4470
0.5002
0.8538
0.6044
0.6548
0.6356
0.4164
0.3270
0.1492
0.4727
0.6277
0.4620
0.4605
0.3587
0.2682
0.2854
0.1821
0.3266
0.1736
0.3314
0.3255
0.4431
0.3880
0.2761
0.2856
0.2289
0.2235
0.2105
0.2940
0.2641
0.1502
0.4024
0.2766
0.2857
0.1958
0.3644
0.1839
0.2789
0.2008
0.3435
0.2380
0.2005
0.1977
0.1812
0.2990
0.3891
0.3743
0.2130
0.3076
0.3191
0.2457
0.1863
0.2775
0.2331
0.2301
0.1384
0.3263
0.3270
0.4320
0.3229
0.3516
0.5011
0.3908
0.4956
0.2322
0.3816
0.3894
0.3599
0.3336
0.3424
0.3886
0.4138
0.3344
0.3431
0.3544
0.3612
0.4359
0.2930
0.3500
0.3921
0.3843
0.4705
0.2811
0.2300
0.3170
0.2026
0.3344
0.2883
0.2501
0.2695
0.3289
0.2386
0.3131
0.2940
0.3350
0.2880
0.3150
0.2685
0.3899
0.3840
0.2199
0.2265
0.3279
0.3306
0.3648
0.2642
0.3552
0.3720
0.3158
0.3863
0.2371
0.3742
0.3062
0.2932
0.3927
0.3267
0.3323
0.4868
0.3417
0.3209
0.3575
0.3387
0.3076
0.4789
0.2780
0.3398
0.3712
0.2711
0.3514
0.3161
0.2791
0.3158
0.3379
0.3591
0.4562
0.2640
0.3813
0.4803
0.2703
0.3753
0.2961
0.2895
0.3364
0.2089
0.1976
0.4062
0.3894
0.2888
0.3680
0.3884
0.3690
0.3138
0.3246
0.3642
0.4430
0.4715
0.2793
0.4596
0.4055
0.3446
0.3103
0.3702
0.2364
0.4769
0.4856
0.3629
0.3962
0.4573
0.3825
0.3954
0.4463
0.6026
0.3185
0.4347
0.4046
0.4386
0.3860
