0.4980
0.3906
0.3559
0.3196
0.4507
0.4446
0.2871
0.3609
0.3954
0.4617
0.4686
0.2414
0.2544
0.4732
0.3072
0.3051
0.2772
0.3982
0.4402
0.4218
0.4701
0.3761
0.3963
0.4525
0.3429
0.3251
0.4330
0.3946
0.4669
0.2291
0.6516
0.7232
0.5571
0.6043
0.9772
0.8427
0.7211
0.8889
0.6951
0.6255
0.9361
0.6918
0.6879
0.8835
0.8928
0.6719
0.8256
0.7836
0.8579
0.4399
0.8085
1.2571
0.7847
0.5433
0.6450
0.3808
0.8906
0.6783
0.8926
0.6081
0.8122
0.4572
0.4568
0.7854
0.6359
0.5935
0.5301
0.3450
0.5598
0.6141
0.6435
0.5520
0.4357
0.6143
0.9491
0.5120
0.8564
1.2108
0.8167
0.6119
0.7472
0.4758
0.4583
0.5761
0.6508
0.5375
0.4097
0.5736
0.5801
0.5772
0.3405
0.4996
0.6673
0.4792
0.7083
0.6070
0.5950
0.6624
0.6110
0.6459
0.6826
0.5648
0.6472
0.4966
0.6981
0.4330
0.6025
0.6750
0.4746
0.4910
0.6221
0.5551
0.3771
0.5394
0.3261
0.4147
0.2345
0.4202
0.6203
0.6666
0.5000
1.2791
1.0545
0.6230
0.7096
0.5612
0.5174
0.4858
0.5735
0.5260
1.0192
0.6867
0.7092
0.7451
0.7152
0.3485
0.3712
0.5013
0.7120
0.7002
0.5579
0.5687
0.5830
0.5523
0.5781
0.5770
0.5035
0.4384
0.4156
0.5197
0.5547
0.4339
0.3560
0.4412
0.5928
0.4802
0.4018
0.4843
0.4659
0.9047
1.0639
0.9301
0.5164
1.1495
0.6285
0.6378
0.4863
0.4890
0.6711
0.5750
0.6616
0.5664
0.4698
0.5799
0.5977
0.4588
0.4549
0.4963
0.4998
0.3803
0.4104
0.3000
0.3611
0.7316
0.4400
0.4245
0.3683
0.3713
0.3497
0.4151
0.5065
0.3724
0.4267
0.3020
0.4356
0.4687
0.3416
0.3137
0.3748
0.4518
0.4347
0.4723
0.2945
0.3981
0.4507
0.5395
0.4060
0.3254
0.3737
0.4112
0.6485
0.6103
0.7128
0.5559
0.5639
0.6293
0.7779
0.6296
0.9649
1.3576
0.9137
1.0603
0.9432
0.6011
0.7552
0.8686
0.5035
0.6436
0.7877
0.6374
0.8360
0.6002
0.5031
0.6576
0.9746
0.6415
1.1095
0.7340
1.2872
0.6421
