0.7297
0.7114
0.7231
0.6390
0.6965
0.6921
0.5747
0.6905
0.6495
0.9281
0.6480
0.5265
0.6207
0.5816
0.6276
0.5824
0.7340
0.6052
0.7404
0.6009
0.7911
0.6520
0.6764
0.7119
0.5896
0.7464
0.7692
0.6551
0.7569
0.5325
0.5423
0.8103
0.5961
0.5834
0.5889
0.7227
0.4588
0.5901
0.8528
0.7198
0.8064
0.9934
0.8059
0.8923
0.6766
0.8442
0.4267
0.8041
0.6378
0.6764
0.8085
1.1110
0.6194
0.8656
0.8615
0.3190
0.7520
0.6053
1.0281
0.5522
0.6761
0.6225
0.6299
1.0249
0.6952
0.5812
0.5916
0.6845
0.6496
0.5737
0.7030
0.6792
0.7772
1.0262
1.1545
0.5660
1.0155
1.2247
0.8466
0.8163
0.8286
0.6150
0.6039
0.6554
0.6647
0.6247
0.5862
0.6861
0.6301
0.6430
0.6573
0.5262
0.6703
0.5427
0.7269
0.6825
0.6618
0.6314
0.6104
0.6962
0.5899
0.6576
0.6726
0.5333
0.6892
0.6581
0.6740
0.6585
0.6220
0.6751
0.5578
0.7234
0.5748
0.6477
0.6061
0.5679
0.5738
0.5916
0.6111
0.6729
0.6008
1.1133
0.8346
0.7411
0.7727
0.8677
0.7244
0.9500
0.9330
0.4504
1.3468
0.8462
0.8117
0.7313
0.7359
0.7532
0.7238
0.6990
0.8718
0.8952
0.7172
0.7321
0.8909
0.9485
0.8392
0.7539
0.6565
0.6583
0.6759
0.6204
0.6502
0.6306
0.7771
0.5546
0.8373
0.7794
0.7253
0.7423
0.6760
0.6134
0.7388
0.9071
0.2705
0.8810
0.5492
0.7931
0.9443
0.7360
0.8690
0.6057
0.7509
0.8898
0.7408
0.7168
0.6474
0.6474
0.6621
0.8276
0.5648
0.5925
0.6653
0.5361
0.7682
0.7780
0.6076
0.7377
0.5942
0.5513
0.7207
0.8457
0.6507
0.7968
0.9195
0.6506
0.7475
0.7455
0.6053
0.7172
0.6981
0.6276
0.6451
0.6096
0.7031
0.6678
0.6726
0.6009
0.7475
0.6085
0.7211
0.8234
0.8328
0.7546
0.9033
0.8020
0.8373
0.8138
0.7259
0.8433
0.8102
0.9408
0.7569
0.8927
0.6217
0.6939
0.9212
0.8653
0.8300
0.9033
0.7529
0.7468
0.8945
1.1880
0.7242
0.6559
0.7394
0.8488
0.8765
0.6535
0.7303
0.6296
