0.7782
1.3182
1.0965
1.0792
0.9836
1.0969
1.1232
1.1111
1.1971
1.0699
1.2868
1.0370
1.2509
1.2866
1.1891
1.1688
1.1981
1.0095
1.1802
1.0850
1.2296
1.0986
1.2040
1.4014
1.0102
0.8625
1.3624
1.0527
1.2732
0.9767
0.8390
1.1147
1.1521
1.1364
1.2617
1.1783
1.1509
1.1860
0.9714
1.0931
1.0726
1.0944
0.7066
1.1025
0.9700
1.0256
0.7593
1.2639
1.2643
1.1814
1.1628
1.2063
1.2497
1.3404
1.0763
1.2226
1.2160
1.0605
1.2275
1.0683
1.0685
1.1265
1.0665
1.1300
1.0375
1.1093
1.1906
1.1936
0.8794
1.0782
1.1156
1.2865
1.0384
0.9336
1.0042
1.0664
1.2924
1.0623
1.0265
1.1207
1.1290
1.0729
1.2780
1.3135
1.4064
1.0869
0.9638
0.9921
1.1236
1.1079
1.1670
1.1746
1.2094
1.2554
1.1830
1.1650
0.9191
1.4663
1.2604
1.1480
1.0812
1.2050
0.9222
1.1823
1.1530
1.0730
1.1813
1.5101
0.7697
1.3113
1.1713
1.0519
0.8060
0.6847
0.8114
0.9084
1.1160
0.9163
0.9995
1.1590
1.3442
1.2677
1.1140
1.1951
1.5122
1.1385
1.0563
1.1109
1.0905
0.9777
1.2061
1.2091
1.1336
1.2151
1.1840
1.1669
0.8774
0.9823
1.1721
0.8892
1.0155
1.1410
1.1451
0.9595
0.0427
0.1144
0.0395
0.9138
0.4047
0.0995
0.3149
0.8805
1.0770
1.0342
1.5732
1.1551
1.1466
1.0189
1.0506
1.0407
1.0961
1.2347
1.2910
1.0028
1.1219
1.0933
1.1755
0.8280
0.0140
0.2110
0.6371
1.2269
1.0630
0.9630
1.1441
1.0833
1.0919
1.1247
1.1971
1.1166
1.1290
1.1859
1.1078
1.0099
0.8955
1.4255
1.1530
1.0938
1.1828
1.0900
1.2446
1.2051
0.9978
1.2472
1.3045
1.2059
1.1813
1.0529
1.0967
1.2430
0.9206
1.0335
1.1607
0.8337
1.0382
0.9939
1.0900
1.1685
0.9221
1.1774
0.0827
0.8830
1.3950
1.0394
1.1617
1.1426
1.1030
1.0580
1.2426
1.2139
1.1766
1.1805
1.2551
0.9738
1.0637
1.1949
1.1948
1.1708
1.2809
1.3007
1.2087
0.9530
1.2261
1.0432
1.2802
1.0243
0.9723
1.1242
1.2197
1.2035
