0.4895
0.3595
0.1764
0.4369
0.3825
0.3768
0.4164
0.4936
0.3166
0.4444
0.3290
0.7868
0.5649
0.6374
0.3382
0.5010
0.5987
0.4666
0.2716
0.5020
0.3243
0.4859
0.6453
0.5167
0.4115
0.5660
0.4703
0.6287
0.4566
0.5279
0.0964
0.2013
0.1206
0.2205
0.1187
0.3216
0.1232
0.1275
0.1322
0.2466
0.1618
0.2328
0.1349
0.2103
0.1642
0.2909
0.1881
0.2663
0.2491
0.1417
0.1561
0.1530
0.1907
0.1861
0.1788
0.2886
0.1339
0.2008
0.1133
0.1128
0.0848
0.1363
0.1364
0.2124
0.1713
0.4034
0.3428
0.1797
0.1470
0.3339
0.1186
0.2307
0.2056
0.1830
0.1823
0.1847
0.3150
0.0953
0.1621
0.0864
0.0708
0.1710
0.1669
0.2433
0.1732
0.3451
0.2211
0.3245
0.1194
0.2941
0.1962
0.2976
0.3239
0.2257
0.1575
0.3217
0.3983
0.3326
0.2455
0.1734
0.2028
0.4194
0.3733
0.4942
0.2492
0.6482
0.3449
0.2927
0.3833
0.4666
0.2745
0.2580
0.3214
0.3444
0.2584
0.5269
0.2897
0.2714
0.1127
0.3187
0.3591
0.2306
0.5861
0.5274
0.3027
0.2403
0.4079
0.1194
0.2119
0.2187
0.3940
0.0757
0.1099
0.3338
0.2922
0.2661
0.2211
0.1437
0.2386
0.2413
0.4707
0.2782
0.2368
0.1517
0.3926
0.1574
0.3793
0.2449
0.2131
0.2561
0.2948
0.2140
0.2304
0.1461
0.2698
0.2075
0.1313
0.2342
0.2602
0.1249
0.3027
0.1186
0.2423
0.2512
0.1972
0.1431
0.2143
0.1941
0.1202
0.1850
0.1709
0.1925
0.4152
0.2655
0.2465
0.1698
0.2009
0.3361
0.2260
0.1052
0.1658
0.3694
0.2884
0.4600
0.1491
0.2961
0.2763
0.5946
0.1566
0.4768
0.2040
0.1642
0.3530
0.1489
0.2430
0.1497
0.2579
0.1884
0.3905
0.2453
0.1569
0.3093
0.1935
0.1742
0.2573
0.2086
0.2125
0.2229
0.3134
0.1326
0.0876
0.1386
0.1204
0.4528
0.5063
0.1765
0.2284
0.2496
0.3206
0.2603
0.2150
0.2481
0.1683
0.1227
0.1693
0.1732
0.2146
0.2627
0.3111
0.4787
0.1944
0.2755
0.4476
0.3341
0.2406
0.1241
0.1133
0.4235
0.1406
0.1930
