0.5821
1.0886
0.9911
1.1431
1.2876
1.0208
0.7486
0.6971
1.0338
0.7338
0.7417
0.6526
0.6273
0.5837
0.7492
0.4779
0.7873
0.9502
0.7094
0.6472
0.6090
0.6463
0.4887
0.4814
0.5326
0.5417
0.6046
0.5917
0.4546
0.5402
0.5944
0.4953
0.5797
0.9038
0.9288
1.2943
0.6467
0.5665
0.5001
0.7979
0.5621
0.7674
0.4264
0.6096
0.8529
0.7854
0.5346
0.5590
0.6021
0.5559
0.5744
0.5310
0.5889
0.7016
0.5644
0.5238
0.4340
0.3580
0.5781
0.6530
0.8347
0.6321
0.7262
0.7184
0.5911
0.5744
0.6009
0.5980
0.7382
0.4851
0.6363
0.6453
0.7759
0.5318
0.8154
0.5914
0.4945
0.7850
0.4552
0.5342
0.4753
0.6955
0.6372
0.6128
0.4854
0.6430
0.6468
0.5127
0.6339
0.5706
0.6425
0.5334
0.5774
0.5778
0.5908
0.7091
0.4992
0.4059
0.5406
0.3356
0.3754
0.4767
0.3363
0.5594
0.4912
0.4809
0.4143
0.4983
0.3215
0.3227
0.4804
0.5031
0.4577
0.4516
0.5481
0.3163
0.3965
0.5069
0.5709
0.3544
0.5388
0.6438
0.5729
0.4834
0.4666
0.4938
0.5282
0.4697
0.3731
0.4531
0.4042
0.3903
0.5218
0.4158
0.5238
0.4037
0.3382
0.3799
0.5418
0.5095
1.4177
1.1510
1.9859
0.5877
0.0032
0.1144
0.0413
0.8227
0.4041
0.0941
0.3111
0.6658
0.5893
0.5447
0.5891
0.6080
0.5236
0.5497
0.4396
0.5833
0.7471
0.7848
0.5438
0.4957
0.5344
0.6998
0.5036
0.5646
0.0217
0.2592
0.3995
0.6357
0.5075
0.7242
0.6347
0.4798
0.6020
0.6259
0.6612
0.7858
0.6214
0.5369
0.6309
0.5023
0.3545
0.3799
0.5763
0.5116
0.3861
0.3708
0.6023
0.4211
0.4812
0.4148
0.4008
0.3697
0.4762
0.3839
0.3466
0.4814
0.4677
0.3743
0.4728
0.3902
0.5046
0.6710
0.4965
0.5662
0.4834
0.4266
0.0899
0.6531
0.6396
0.6118
0.5586
0.5634
0.4351
0.3521
0.5974
0.4353
0.4243
0.4741
0.5397
0.4331
0.4727
0.4559
0.4624
0.5069
0.5440
0.5103
0.4953
0.3813
0.4951
0.9461
0.4889
0.5402
0.6391
0.6468
0.7367
0.7712
