0.7616
1.1154
1.0380
0.8888
1.1414
0.9450
1.1397
0.8507
0.8967
0.9452
0.8697
0.7910
1.0343
0.7316
0.8201
0.8179
1.0259
0.9512
0.7782
0.8145
0.8929
0.8743
0.7734
0.7803
0.5470
0.7385
0.7149
0.7533
0.8399
0.8180
0.7871
0.6162
0.8359
0.7747
1.0976
1.1354
1.1032
0.6684
0.8185
0.9568
0.9345
1.1374
0.5868
0.8452
0.8350
0.8634
0.5360
0.8857
0.9393
0.9182
0.8852
0.8541
0.9574
1.3404
0.9671
0.7850
0.9031
0.6917
0.8702
0.8694
0.9352
0.6591
0.8003
1.0951
0.7307
0.6960
0.9712
0.9223
0.7943
0.7323
0.8219
0.8097
0.9462
0.7527
0.8021
0.7899
0.8023
0.8297
0.7226
0.9098
0.8350
0.7614
0.9008
0.7692
0.7647
0.8155
0.7420
0.6315
0.8686
0.8948
0.8382
0.7176
0.9017
0.7977
0.8638
1.0079
0.8259
0.8819
0.7535
0.6705
0.6204
0.8036
0.5872
0.8022
0.7913
0.8204
0.9812
0.8949
0.8174
0.7552
0.8551
0.6481
0.5562
0.5995
0.6381
0.5929
0.7788
0.6769
0.8796
0.7502
0.8610
0.9003
0.8806
0.8439
0.6963
0.8436
0.8688
0.9121
0.7913
0.6697
0.9098
0.6724
0.7927
0.8690
0.7493
0.7286
0.5320
0.4994
0.7854
0.6704
1.0184
0.9617
0.9179
0.7223
0.0211
0.1144
0.0414
0.9005
0.3503
0.0949
0.2576
1.0463
0.8971
0.9754
0.9662
0.9191
0.6098
0.7904
0.6121
0.7961
0.9494
1.0901
0.7973
0.7881
0.9476
0.8503
0.7163
0.6102
0.0136
0.3125
0.5752
0.8902
0.8046
0.8858
0.7945
0.9701
0.8582
0.7662
1.1003
0.8404
0.8742
0.8152
0.8788
0.8769
0.5612
0.5768
0.6896
0.6974
0.7692
0.6005
0.9058
0.5567
0.6532
0.6876
0.6904
0.8726
0.6801
0.6797
0.8927
0.8982
0.6805
0.7779
0.7411
0.5299
0.6800
1.0410
0.6596
0.7852
0.6098
0.7502
0.0705
0.8791
0.9694
0.8999
0.9163
0.8561
0.8371
0.7303
0.6517
0.6743
0.8503
0.9017
1.0701
0.7034
0.7454
0.7044
0.7948
0.7677
0.7584
1.0815
0.7813
0.5426
0.7841
0.8967
0.7809
0.9096
0.7013
1.0022
0.9297
0.8085
