0.2524
0.5134
0.5372
0.6363
0.8422
1.1295
0.9501
0.5786
0.5911
0.5821
0.4302
0.4786
0.2707
0.3326
0.3346
0.2374
0.2211
0.3240
0.5771
0.4610
0.5035
0.3224
0.2822
0.3844
0.2035
0.3926
0.3765
0.3602
0.5238
0.6094
0.3283
0.4309
0.3854
0.5291
0.4527
0.3367
0.3790
0.3343
0.4995
0.7845
0.4208
0.3740
0.2384
0.5819
0.4103
0.6661
0.3104
0.3274
0.2581
0.2678
0.2256
0.3863
0.3657
0.3453
0.2855
0.3733
0.2264
0.2346
0.2304
0.5763
0.3864
0.3590
0.4429
0.5780
0.6453
0.2839
0.2712
0.4371
0.3372
0.1631
0.2520
0.2358
0.5567
0.5774
0.5300
0.5178
0.4674
0.5148
0.4998
0.5033
0.4608
0.5329
0.3040
0.4195
0.4380
0.4088
0.3412
0.2517
0.3276
0.4684
0.2355
0.4459
0.2535
0.2690
0.4848
0.1669
0.4140
0.2853
0.2071
0.2547
0.2245
0.3088
0.2860
0.3729
0.4817
0.5152
0.4508
0.2210
0.2347
0.3175
0.3222
0.3695
0.4200
0.1478
0.4438
0.1280
0.1619
0.1855
0.3716
0.2194
0.3933
0.2461
0.2175
0.2330
0.1391
0.2371
0.2941
0.3147
0.2359
0.2087
0.3349
0.4091
0.2675
0.4916
0.2596
0.3961
0.3547
0.2096
0.3095
0.3552
0.5059
0.7068
0.8614
0.3904
0.0001
0.1144
0.0716
0.5776
0.3701
0.0940
0.2107
0.3380
0.3075
0.2664
0.1979
0.3200
0.1728
0.3023
0.2189
0.2362
0.3989
0.2431
0.4420
0.3029
0.1781
0.3670
0.3181
0.3097
0.0223
0.2277
0.2307
0.5824
0.2545
0.2617
0.3448
0.4415
0.3454
0.5267
0.4510
0.5084
0.2460
0.2046
0.2823
0.2299
0.2016
0.1635
0.2252
0.1932
0.2223
0.2831
0.4019
0.2391
0.3366
0.4008
0.3235
0.2702
0.2741
0.2268
0.2255
0.3830
0.2610
0.3304
0.2414
0.4016
0.4476
0.4309
0.4133
0.4191
0.3735
0.2259
0.1067
0.3848
0.4077
0.3276
0.3575
0.3172
0.1736
0.1521
0.2126
0.1863
0.2513
0.1747
0.2594
0.2203
0.2470
0.1732
0.3359
0.2488
0.2260
0.2234
0.2299
0.1896
0.2237
0.2002
0.2643
0.1927
0.2048
0.2734
0.2061
0.5343
