0.3914
0.2035
0.2307
0.2900
0.1578
0.2717
0.2092
0.2207
0.3080
0.4972
0.2941
0.3598
0.3366
0.1130
0.2819
0.2497
0.2409
0.1635
0.1512
0.1380
0.2508
0.2214
0.3471
0.1624
0.1479
0.1551
0.1507
0.2844
0.1739
0.2268
0.5516
0.4017
0.4177
0.6014
0.5137
0.3374
0.5586
0.8343
0.1529
0.3612
0.6918
0.4715
0.3738
0.6650
0.3429
0.3964
0.4631
0.8267
0.5967
0.0770
0.4706
0.5971
0.4515
0.2628
0.3623
0.4717
0.4798
0.6578
0.5056
0.2956
0.5633
0.2501
0.2468
0.5069
0.4167
0.2978
0.5405
0.3820
0.3259
0.3409
0.3796
0.3212
0.2323
0.5978
0.2937
0.1410
0.3308
1.1749
0.6330
0.3774
0.4729
0.3328
0.2920
0.2444
0.3001
0.2529
0.3090
0.3939
0.3589
0.5348
0.1358
0.3184
0.4649
0.5592
0.3051
0.2273
0.4110
0.3883
0.3960
0.4715
0.4463
0.3919
0.3488
0.3473
0.3163
0.1449
0.3308
0.3368
0.4683
0.4687
0.3522
0.3305
0.1716
0.3008
0.0851
0.1382
0.0620
0.1666
0.1933
0.3945
0.6949
1.0515
0.6635
0.7340
0.7242
0.5117
0.2195
0.2371
0.1733
0.4181
1.4401
0.9245
0.5546
0.7091
0.5370
0.2753
0.3221
0.2814
0.5275
0.7550
0.2750
0.3726
0.2910
0.1883
0.4118
0.2634
0.3078
0.2577
0.3898
0.2958
0.2156
0.3151
0.2537
0.4521
0.2731
0.1765
0.5297
0.4943
0.3718
0.4958
0.6625
0.8461
0.3964
1.1401
0.6603
0.4346
0.1452
0.2254
0.2768
0.3881
0.3565
0.1963
0.4707
0.2953
0.2909
0.2286
0.1861
0.1717
0.3313
0.2488
0.1257
0.2408
0.2806
0.3876
0.1685
0.2163
0.3995
0.3821
0.1815
0.2017
0.2794
0.2139
0.1193
0.1760
0.3398
0.3943
0.1788
0.2607
0.4608
0.1497
0.2050
0.3224
0.0336
0.2598
0.2815
0.1460
0.1280
0.2171
0.2150
0.1769
0.5632
0.4536
0.7988
0.4362
0.2953
0.4895
0.5109
0.4312
0.6618
0.8804
0.9267
0.6851
1.3244
0.5175
0.4994
0.4130
0.2360
0.2052
0.4304
0.6898
0.5078
0.4364
0.3725
0.7191
0.6644
0.7910
0.4732
0.4723
0.5183
0.8346
