0.3713
0.4562
0.3957
0.5265
0.4359
0.4016
0.4901
0.5021
0.5123
0.3762
0.4220
0.5073
0.5079
0.3561
0.3432
0.3859
0.3460
0.4434
0.4828
0.1976
0.3310
0.4606
0.5460
0.4478
0.3887
0.2251
0.5087
0.5151
0.4712
0.3949
0.5723
0.6057
0.5641
0.6199
0.5700
0.4505
0.4734
0.5373
0.3000
0.2583
0.3100
0.4915
0.3695
0.7238
0.2931
0.6083
0.6714
0.4531
0.5768
0.1787
0.3301
0.7843
0.5358
0.2696
0.4160
0.3395
0.6940
0.6979
0.5506
0.2146
0.6948
0.3892
0.3881
0.8803
0.7242
0.5911
0.5897
0.5071
0.6022
0.5189
0.6207
0.6494
0.2616
0.4738
0.8249
0.1123
0.6398
1.0864
0.7443
0.6942
0.6615
0.3827
0.5963
0.5347
0.6288
0.6247
0.3515
0.6508
0.5504
0.6734
0.2356
0.3696
0.6815
0.5709
0.6215
0.5057
0.6091
0.6617
0.7735
0.6722
0.6332
0.7102
0.5337
0.4731
0.5768
0.3941
0.4589
0.5825
0.5382
0.5561
0.6167
0.5914
0.3882
0.3214
0.1565
0.0541
0.1979
0.2133
0.5317
0.5951
0.7059
0.9688
0.9156
0.8563
0.7826
0.7254
0.4892
0.5435
0.6635
0.1775
1.1003
0.9790
0.7078
0.7032
0.6346
0.4273
0.5227
0.4875
0.8469
0.7490
0.5089
0.5864
0.7177
0.5066
0.6100
0.4253
0.4870
0.4787
0.6965
0.5732
0.6019
0.3709
0.2610
0.4195
0.6105
0.5531
0.6342
0.7283
0.6226
0.5671
0.8729
0.9190
0.3162
1.1470
0.5788
0.6144
0.5106
0.4133
0.3717
0.4930
0.8127
0.5383
0.7211
0.5821
0.5830
0.4848
0.2858
0.4033
0.4939
0.4822
0.3121
0.2281
0.3474
0.3667
0.2693
0.3747
0.4524
0.4582
0.3844
0.3947
0.4910
0.4068
0.3485
0.2809
0.4633
0.4579
0.2724
0.4598
0.5886
0.3964
0.3807
0.4974
0.1712
0.5095
0.4144
0.3852
0.4335
0.3592
0.2442
0.2903
0.7278
0.6168
0.7798
0.6852
0.7139
0.5927
0.5433
0.5975
0.9413
1.1161
0.7100
0.9643
0.8094
0.5280
0.7200
0.5669
0.2763
0.2972
0.3867
0.7664
0.9514
0.0787
0.4528
0.7164
0.9623
0.6495
0.6820
0.7040
0.8361
0.5332
