0.7974
0.5665
0.6246
0.7554
0.6911
0.6980
0.6225
0.8030
0.4578
0.4579
0.7084
0.7698
0.7817
0.8567
0.7881
0.6702
0.8493
0.6878
0.7148
0.7225
0.5370
0.8202
0.7186
0.6056
0.7296
0.7031
0.6892
0.7057
0.7037
0.6366
0.1670
0.3274
0.2416
0.2697
0.2203
0.2777
0.2810
0.4177
0.2514
0.2431
0.3201
0.3896
0.3729
0.4137
0.2898
0.3774
0.4792
0.3152
0.3094
0.3647
0.2720
0.3311
0.3719
0.3428
0.3443
0.3896
0.1531
0.1388
0.3323
0.3439
0.3526
0.3599
0.3331
0.3960
0.4429
0.4781
0.4680
0.3142
0.4749
0.5526
0.4684
0.4987
0.5267
0.5134
0.4777
0.4571
0.3487
0.2078
0.2165
0.3638
0.1511
0.2281
0.3934
0.2561
0.3674
0.4714
0.4626
0.5118
0.4584
0.3005
0.3845
0.5533
0.5883
0.5893
0.4729
0.5574
0.7171
0.5137
0.5508
0.4850
0.5245
0.6644
0.7540
0.6150
0.5854
0.6745
0.6583
0.7886
0.6648
0.7222
0.6164
0.6583
0.6696
0.6793
0.6951
0.9215
0.4966
0.6736
0.3531
0.4775
0.2432
0.3877
0.2288
0.2017
0.5707
0.3495
0.4367
0.3776
0.1752
0.2205
0.4202
0.0932
0.2091
0.3933
0.1955
0.2065
0.5119
0.2741
0.1390
0.2693
0.3394
0.3949
0.3967
0.3094
0.4582
0.1084
0.2873
0.2483
0.3952
0.4047
0.4684
0.1269
0.1500
0.1893
0.2127
0.2790
0.3828
0.1912
0.4192
0.1051
0.4042
0.4420
0.1920
0.1729
0.1606
0.2993
0.4326
0.1701
0.1909
0.2512
0.2341
0.4410
0.1627
0.3336
0.2487
0.2441
0.1744
0.4055
0.1627
0.1612
0.4343
0.2550
0.3111
0.3701
0.3597
0.4495
0.5033
0.4583
0.3387
0.1734
0.1365
0.3082
0.3178
0.2716
0.4651
0.1962
0.5194
0.1953
0.3547
0.4127
0.2436
0.2708
0.1521
0.2801
0.2334
0.2855
0.2531
0.1833
0.2731
0.3105
0.1433
0.1626
0.2487
0.5637
0.6235
0.2428
0.5313
0.4261
0.1638
0.2222
0.2677
0.4262
0.2644
0.3138
0.2776
0.2377
0.4627
0.4521
0.5244
0.5663
0.4287
0.6776
0.6991
0.6788
0.6766
0.2625
0.3706
0.7201
0.4844
0.5754
