1.0872
1.0756
1.2253
1.1154
0.9679
1.1117
1.0801
1.0322
1.1362
1.1982
1.0925
0.9899
0.9868
1.1097
1.1088
1.1019
1.1532
1.0092
1.1364
0.9755
0.9808
1.1932
1.0201
1.0178
1.0399
1.0393
0.9864
0.9927
1.0618
0.9985
1.1140
1.1425
1.0375
0.9255
0.8910
0.9361
0.9233
1.3962
1.0451
1.1885
1.2291
0.7804
1.0745
0.9825
1.1206
1.1553
1.2228
1.0324
1.2094
1.1402
1.1550
1.0481
1.0204
1.2080
0.7919
0.8553
0.8694
1.1175
1.0638
1.0498
1.0609
1.1308
1.1206
1.0543
1.3601
1.2488
1.1709
1.2622
1.8458
1.1632
0.9491
1.1178
1.1829
1.1595
1.0662
1.0986
1.3863
1.1089
1.0272
0.8287
1.0335
0.9871
1.0088
0.9607
1.1120
0.9854
1.1486
1.2189
1.0809
0.8606
1.3016
1.3014
1.2013
1.5581
1.3756
1.4278
1.2347
1.0908
1.4485
1.8259
1.6037
1.4090
1.7326
1.2688
1.2902
1.5382
1.3863
1.2651
1.2471
1.2854
1.1579
1.3823
1.4307
1.3863
1.3320
1.1681
1.2438
1.3999
1.4570
1.3863
1.3122
1.3806
1.3275
1.5541
1.3165
1.1295
1.1850
1.8276
1.3863
1.3789
1.4929
1.1170
1.4868
1.2473
1.1632
1.2879
1.3542
1.0150
1.3029
1.1990
1.1479
0.9538
1.4604
1.2667
1.2475
1.4102
1.3398
1.4392
1.5421
1.3187
1.4868
1.6094
1.5115
1.3669
1.7190
1.5606
1.3519
0.9436
1.3195
1.5902
1.2888
1.5130
1.5238
1.2879
1.4419
1.3955
1.2642
1.3278
1.1558
1.1632
1.2391
1.4835
1.5247
1.6094
1.4416
1.7918
1.1078
1.3773
1.2272
1.2709
1.5304
1.3558
1.1290
1.7386
1.4428
1.4994
1.2079
1.3629
1.2924
1.0986
1.2528
1.3499
1.4685
1.4271
1.4777
1.3863
1.2823
0.9337
1.1106
1.1693
1.3573
1.3863
1.1462
1.5581
1.4663
1.4044
1.1650
1.4392
1.3113
1.2026
1.2484
1.5818
1.2373
1.0418
1.0688
1.3091
1.1602
1.0241
1.1206
1.0937
1.1157
1.0629
1.2108
1.1119
0.9077
1.2052
1.2016
0.9797
1.1627
0.9577
1.1258
1.1318
0.9927
1.2200
1.2079
1.2368
1.0407
1.3957
1.1150
1.2580
