0.8272
0.5536
0.5920
0.6196
0.5056
0.6881
0.7245
0.7525
0.4580
0.4003
0.6064
0.6215
0.7152
0.5886
0.7377
0.3854
0.6090
0.6055
0.6264
0.5295
0.5964
0.5958
0.6691
0.5363
0.4901
0.5561
0.6033
0.4853
0.6086
0.3980
0.3595
0.5148
0.5683
0.3845
0.4687
0.4933
0.4466
0.4145
0.4461
0.4627
0.3999
0.4903
0.4912
0.4518
0.4393
0.4389
0.3785
0.4460
0.4939
0.4727
0.5774
0.4221
0.3822
0.4856
0.2946
0.3818
0.5125
0.3863
0.4435
0.3550
0.3110
0.3718
0.3411
0.4998
0.4158
0.5081
0.5229
0.5478
0.3880
0.3085
0.3776
0.3789
0.4980
0.3910
0.4372
0.3436
0.8090
0.2818
0.3388
0.3819
0.2673
0.4207
0.4614
0.3695
0.5445
0.3555
0.6272
0.4257
0.3020
0.4030
0.4556
0.3511
0.5900
0.5936
0.4030
0.4866
0.6931
0.4598
0.6000
0.3702
0.4646
0.5138
0.6107
0.5921
0.4389
0.3202
0.3096
0.6658
0.4963
0.6143
0.6004
0.4488
0.3778
0.4673
0.8206
0.7707
0.5527
0.6274
0.4086
0.5423
0.5653
0.8107
0.6671
0.6552
0.6102
1.0188
1.0047
0.9185
0.7180
0.7163
0.5031
0.6794
0.4639
0.8231
0.6627
0.9436
0.7709
0.5305
0.6083
0.8855
0.6831
0.5001
0.8092
0.8334
0.9322
0.6256
0.8429
0.7608
0.6841
0.6600
1.0361
0.6198
0.4626
0.7721
0.7376
0.8056
1.2759
0.4096
0.7018
0.5075
0.8744
0.5393
0.7343
0.4863
0.4958
0.5169
0.8821
0.6459
0.4914
0.5077
0.4034
0.4727
0.6259
0.4878
0.5969
0.6070
0.5490
0.5414
0.5212
0.5680
0.4785
0.7299
0.5387
0.6854
0.7261
1.1716
0.5751
0.8614
0.4752
0.6915
0.6179
0.5732
0.6489
0.4812
0.5590
0.7049
0.7292
0.4895
0.7616
0.4296
0.5398
0.8613
0.7264
0.7567
0.6279
0.6911
0.4877
0.8216
0.6181
0.7990
0.3338
0.3816
0.4124
0.7594
0.9213
0.4451
0.4928
0.5506
0.3325
0.4369
0.4035
0.4904
0.5298
0.3952
0.6205
0.5660
0.5070
0.4873
0.5678
0.6212
0.6733
0.6363
0.5191
0.6159
0.5230
0.4353
0.6570
0.5140
0.5199
0.6176
