1.3063
1.4102
1.3218
1.1517
1.4860
1.3143
1.2295
1.0549
1.0574
1.1350
1.0872
0.9507
1.1907
1.1081
1.1400
1.2822
1.2672
1.5133
1.0860
0.8133
0.8082
1.5315
1.2111
1.1057
1.2116
1.0507
0.8945
0.9778
1.2400
1.0561
1.3499
1.5261
0.9694
1.2528
1.2250
1.2130
1.0788
0.9499
0.9352
0.7436
1.2528
1.3971
1.2993
1.2417
1.0561
1.2384
1.1701
1.1192
1.1451
0.9573
1.2040
1.1350
1.3218
1.2595
0.8873
0.8168
0.8938
0.8675
1.5141
1.2879
0.9351
1.2311
1.5380
0.9800
1.2910
1.3148
1.1273
1.0370
1.1205
1.6292
1.1399
0.9529
1.1756
1.3033
1.3829
1.3705
1.3782
1.0545
0.9636
1.4404
1.0586
0.7711
1.0743
0.9868
1.4948
1.2321
0.6017
1.2922
1.0678
0.8634
1.2238
1.5198
1.2862
1.6358
1.1471
0.9393
1.2902
1.2192
1.1196
1.3705
0.8459
1.5870
1.0116
1.2278
1.3689
0.9416
1.0144
1.2376
1.5276
1.0571
1.3122
0.7210
1.0127
1.2141
0.8538
1.0090
1.5362
1.5815
1.4469
1.5794
1.5261
1.3043
1.4404
1.2256
1.0986
1.2456
1.1495
1.1236
1.3180
1.4567
1.1709
1.4316
1.3743
1.2611
1.1204
1.2969
1.3973
1.1787
1.4069
1.3519
1.5841
1.3689
1.4725
1.2282
1.1575
0.9083
1.4404
1.2481
1.4759
1.0549
1.1468
1.5824
1.4271
1.3189
1.3976
1.2264
1.1272
1.1527
1.0498
1.3863
1.1111
1.3766
1.6933
0.9531
1.3762
0.8254
1.7405
1.3122
1.2268
1.0256
1.4271
1.1896
1.5773
1.5261
1.4328
1.1849
1.2321
1.1747
1.1233
1.4380
1.1448
1.2599
1.5606
1.3013
1.0561
0.9555
1.0629
1.7492
1.5369
1.1260
1.3952
1.6341
1.0986
1.8101
0.9455
1.6094
1.5082
1.7228
0.9808
1.4718
1.5106
0.8611
0.9656
1.0696
1.8458
1.1382
0.8979
1.1550
1.2432
1.2182
1.1322
1.1431
0.9894
1.1294
1.0986
1.0436
0.8000
1.1592
1.2340
1.0692
1.3776
1.2967
0.9874
0.9921
0.8355
0.8391
1.2657
1.2993
1.0712
1.2104
1.1477
1.1479
0.9767
1.3486
0.9808
0.8956
1.1065
1.2663
0.8881
1.1314
