84.9193
80.3673
97.6123
82.7738
72.3428
107.5332
106.3607
89.9242
81.3844
96.7217
84.7491
98.0901
73.4764
84.8374
109.5135
84.2088
89.3629
71.4702
76.2246
71.7049
65.0211
65.6413
73.5136
71.6351
81.3791
81.7342
93.7177
69.6889
51.8552
58.1496
56.0590
52.4974
73.7594
63.8449
77.5053
76.7716
57.3045
64.0070
78.5316
66.8274
70.7190
89.1269
112.0018
99.2662
85.7695
83.7426
105.5908
110.5768
84.3175
77.8458
79.2137
86.6485
65.5400
102.4465
76.2454
78.7710
42.9381
47.2768
61.7077
59.0708
74.5582
90.8642
68.6180
80.8090
74.8457
64.5035
74.5687
91.3760
64.4077
102.5764
102.2912
99.7260
86.5969
61.8545
70.1954
78.2603
46.6810
62.7262
52.5072
52.6264
42.6553
46.0064
71.6109
56.4408
56.0045
51.2771
59.9425
47.5599
107.6864
70.6802
110.6519
84.5882
56.3922
51.8659
62.1796
73.9550
74.5183
92.7668
87.3380
90.0489
118.4568
104.9462
131.0063
98.6664
69.9905
66.9780
76.5600
65.7546
68.3747
65.1995
56.0626
59.1597
76.8852
81.8508
68.6702
87.7218
73.3731
58.7642
82.1347
83.5037
68.8621
80.5804
68.0742
77.4720
45.6568
47.9579
51.9328
56.6695
77.2066
83.8107
64.9414
79.4735
75.3861
82.9987
83.1096
88.5391
77.3018
70.0171
92.9180
84.7669
92.3056
76.5181
95.6763
105.6265
83.2793
78.2346
74.6537
77.5308
49.1973
49.9023
48.3865
48.3220
72.7461
105.1261
80.0495
85.3758
67.6257
59.4971
57.3793
73.4988
88.2005
88.3686
78.4410
87.5050
51.8879
43.1842
51.6220
46.9545
70.9011
73.0120
64.1758
60.8665
105.3194
89.7120
115.0598
89.4260
84.1651
78.3301
78.2848
68.5820
58.3071
77.5381
54.1960
75.0027
79.8439
90.8266
96.6629
86.6429
69.3133
90.6531
86.5424
92.4095
71.9203
72.6872
79.8233
79.4910
86.3285
96.9749
97.0124
106.2640
59.6378
92.9625
64.8091
66.2016
53.9998
65.4559
81.6675
62.2427
47.3291
63.2376
63.2017
43.7523
66.9853
96.5608
101.9941
83.8706
97.1356
83.5611
78.1426
74.2129
74.3562
65.5725
88.5197
73.3833
81.1842
88.8324
83.0455
92.6776
71.6760
66.1361
96.3565
76.1556
88.7943
100.6738
113.5835
102.7920
88.6609
98.9858
100.5141
91.2283
55.3931
60.8634
44.7874
36.9333
103.6833
126.2651
128.8886
92.5673
62.4355
65.7121
73.5824
79.0344
65.7433
84.8599
80.4748
86.6960
50.5423
65.9332
74.1672
70.6389
49.3717
36.7694
44.8846
39.7058
83.0486
85.4679
80.0437
88.7422
82.6844
69.8993
90.4043
77.8755
91.8769
79.4119
93.4135
90.2645
96.4377
83.1053
76.4079
104.5865
75.7972
69.1333
92.2533
98.9936
70.0718
94.6912
91.6954
80.8640
55.5033
54.1892
46.8867
43.1374
81.7777
96.2522
91.9157
66.8174
103.4972
103.3370
68.0096
96.4738
59.0984
62.3666
57.6526
72.0237
103.2683
92.8664
119.8227
102.9117
68.4757
97.2778
62.4651
88.5643
66.0118
66.2682
64.4835
53.0040
42.9008
41.0517
39.4859
41.4710
113.6087
93.4818
62.9365
88.6120
97.8715
78.2150
92.2506
71.1761
42.5739
54.7954
48.6039
45.4045
62.5567
64.7562
54.5403
75.4429
84.5650
72.2418
88.6991
77.0421
77.2475
73.3042
78.5297
66.7210
61.7124
63.0461
71.8258
77.3795
90.6295
84.5454
63.4248
84.4471
65.0607
60.1711
67.5966
69.7014
97.8301
78.6413
115.9532
83.2832
71.5831
88.2041
91.3474
67.8765
71.0772
86.3690
91.5923
70.9283
64.5048
88.2890
85.3469
68.1810
81.8632
86.7681
69.5881
94.0927
96.2454
92.0850
96.6939
88.7124
78.4747
73.6100
69.9138
86.8756
78.9799
76.3004
80.9028
65.6425
73.8678
76.0105
73.0858
66.9947
68.3700
77.6462
93.1262
85.2190
87.8172
88.6061
103.0751
70.9500
