3.2993
3.7120
3.6031
3.6552
5.0287
4.8800
4.5213
4.8560
3.9687
4.1481
3.9541
4.0452
9.0461
8.8654
9.0496
8.9634
5.2989
5.0609
5.2943
5.1573
4.6235
4.3350
3.9783
4.3514
5.2910
5.1718
5.1832
5.0814
3.3689
3.5041
3.3658
3.5067
3.5505
3.5984
3.5905
3.5571
3.2634
2.8662
2.9570
3.2155
4.2713
4.1765
4.0042
4.1978
3.6813
3.3018
3.5405
3.5278
2.9313
2.8095
3.1207
2.8630
3.0548
3.0600
2.9090
2.9566
3.4975
3.4586
3.5740
3.4821
5.3450
4.7944
4.7538
4.5499
3.5503
3.2749
3.2571
3.4957
4.9919
5.6736
5.1196
5.2492
2.8345
2.7007
3.0625
2.8457
4.0411
3.8739
3.9884
3.9673
3.4445
3.3698
3.2896
3.4027
2.8875
2.7753
2.8680
2.8707
8.2661
8.1399
6.8658
6.2787
10.0044
10.0039
10.8231
10.7522
4.6335
4.4068
4.1461
4.2070
9.2858
9.5597
8.4826
7.5083
5.4059
6.1096
5.5023
5.5241
3.3083
3.2506
3.1250
3.0920
9.2623
9.7063
9.4363
10.2134
16.4230
15.3542
15.0102
15.2295
3.1284
3.0248
2.8703
2.7872
3.8690
4.0207
3.9711
4.0245
9.9816
9.1725
9.2306
9.0887
7.2076
8.8166
8.6911
8.5901
3.4874
3.4996
3.2226
3.5390
5.2413
5.1715
5.1751
5.2194
4.1878
3.9300
4.2278
3.9548
4.2007
4.1053
4.2855
4.4756
4.0449
3.8479
3.8475
3.7710
9.2072
6.3724
5.6791
5.5806
4.5288
4.7768
4.5713
4.6060
4.0972
4.0976
4.1040
4.0779
4.9141
4.7165
4.6910
4.5553
4.8917
4.9729
5.0480
5.1506
4.8596
4.5657
4.3176
4.4459
4.6829
5.0258
5.2420
5.4769
4.3167
4.6436
4.4934
4.3694
3.8576
3.8459
3.9423
3.8160
4.3245
4.1985
4.3869
4.3181
4.3956
3.9937
4.0572
4.1664
6.5757
7.0744
5.4061
5.6898
5.5521
5.3884
5.5300
5.2840
2.8532
2.9057
2.9881
2.8703
4.3684
4.2509
4.2754
4.3173
5.7319
5.4804
5.2349
5.2249
5.2759
5.1167
5.1136
5.4870
3.3128
3.6735
4.0745
3.5495
8.4489
7.7364
8.2331
7.3750
2.7561
2.7551
2.7067
2.7033
2.7898
2.7943
2.8698
2.9748
3.2119
3.1340
3.0594
3.1060
4.4660
4.4659
3.9574
4.2759
3.3570
3.6309
3.8577
3.4673
7.6275
5.9241
5.9158
5.7363
5.2517
5.0892
5.2740
5.5008
2.8386
2.9239
2.8405
2.7998
4.3304
4.4401
4.3082
4.1609
4.6949
4.8375
4.8112
4.3702
4.2132
4.1740
4.4724
4.0870
5.0041
5.0618
4.6819
4.7885
4.4224
4.3014
4.5665
4.3969
5.1022
5.0909
5.1600
5.3139
3.2049
3.1147
3.0430
2.9523
4.3845
4.4907
4.1675
4.1786
3.8062
3.9617
3.7935
3.6593
4.0351
3.8714
3.9539
3.6417
4.8057
5.1395
4.5866
4.8601
5.8716
5.1266
5.1861
5.1142
4.4638
4.6685
4.2921
4.2358
2.8066
2.9122
2.8439
2.8603
4.0822
4.0028
4.0050
3.8078
6.6928
6.7166
6.7032
6.2940
3.1136
3.1048
3.2810
2.9982
3.8119
3.7385
3.9518
3.7683
6.0156
6.5018
6.4278
6.7814
4.4801
4.3603
4.1944
4.4154
5.8589
5.7552
5.4156
5.0721
5.4811
5.1064
4.8661
4.9454
3.3245
3.1034
3.3738
3.2663
6.7907
6.4257
6.2358
5.7744
5.6652
5.5708
5.1402
5.1906
3.8285
3.8223
3.5968
3.4954
5.0231
4.7304
5.2347
5.0496
4.4574
4.6600
4.4110
4.2631
4.2542
4.0265
4.0485
4.4266
3.9764
4.0366
3.9810
3.8907
4.9807
4.3362
3.7722
3.6215
4.1629
3.9644
4.2674
4.1349
5.0203
4.5147
4.8620
5.0995
5.2315
5.4437
5.2882
5.1432
