50.6549
47.4206
48.9528
59.2878
73.2084
69.2992
66.1822
79.6453
62.1966
50.8541
49.5065
80.4407
68.7859
75.2405
75.2764
70.5132
46.7037
62.8042
62.2891
67.2940
59.8355
51.5549
62.7453
62.9960
62.1669
58.9425
68.1377
55.5837
48.6757
39.4391
52.1500
50.4422
30.4364
27.3446
28.4281
29.5297
50.5862
40.6912
35.9356
43.1829
37.9498
36.5327
37.6194
36.7382
36.6985
35.5753
30.6445
37.2057
29.9538
27.4458
29.9105
32.4614
43.8560
37.2048
41.8085
37.6779
34.6969
27.0699
26.3971
30.3721
55.7484
56.9124
56.9985
47.3604
26.6346
32.3181
26.5519
29.8192
53.3193
64.3706
57.2219
58.9938
26.6425
33.5639
32.2076
25.8384
32.5171
31.4730
31.1532
32.4198
28.6262
33.8256
32.3902
34.4144
32.4758
25.5097
32.3698
32.3088
51.2847
65.7313
60.6443
57.5919
55.3480
49.4126
50.4205
52.2989
61.1025
71.3144
61.2060
62.3687
65.1043
62.5853
61.1880
61.8780
58.8311
58.5770
63.3114
52.9745
45.0162
38.8379
43.7069
38.2889
71.9262
58.0558
51.7231
58.9999
64.7507
72.3222
66.5010
82.2719
28.7699
34.4273
30.8489
24.9877
32.0311
38.4043
31.1739
31.5188
56.0992
56.4415
62.7723
71.4588
52.0657
58.4176
54.1469
54.7948
65.6905
55.8766
48.5169
71.3668
52.7776
62.9176
71.4472
56.8848
66.2203
58.6714
74.3878
55.9276
33.7485
30.2238
31.9037
33.2172
56.8337
57.0446
54.6547
70.4825
43.7243
45.6880
46.0812
41.3697
52.9430
50.6001
43.6035
54.1224
32.5415
34.1097
29.9757
36.8423
42.8180
44.1386
51.6673
34.5138
57.7706
60.6790
56.3211
54.6275
48.2326
51.8478
54.3590
45.3833
51.8591
54.9343
48.6269
52.7241
53.1393
46.6187
56.5692
50.4152
57.5798
61.0619
64.3507
54.9393
47.3810
41.3867
48.2779
43.1823
59.0802
65.4621
56.9480
57.8886
50.1104
55.9513
52.1953
49.4934
54.2020
69.4351
56.8724
53.2700
35.9370
43.2557
33.3813
37.1405
64.5465
68.8597
53.0136
74.1407
62.2271
81.1067
58.7901
60.0170
53.2028
55.3017
81.6990
71.6822
52.2645
50.2422
69.3826
60.7286
43.1980
58.1134
49.2619
51.8939
40.4558
35.8886
43.5126
37.7369
36.8036
28.9791
42.5686
49.5729
30.4168
34.0364
31.1821
33.5017
73.2271
63.1721
50.6107
61.4121
38.1964
41.4094
40.8107
35.1641
55.8839
63.5998
53.3455
62.1832
46.5284
48.8710
50.6879
52.3357
32.2726
34.4529
34.2257
34.6929
48.6490
70.6882
64.6007
62.1564
49.6979
60.0688
42.0932
54.9449
63.9531
76.3243
55.2009
71.3397
54.6761
48.5099
59.2204
55.9508
64.7153
58.1508
73.3338
71.4367
55.6051
66.8905
62.3401
66.7970
32.8605
36.4029
40.2478
28.5800
45.7247
50.4478
60.0024
41.7619
46.2335
44.3153
47.2571
63.9946
37.4449
51.3353
45.2185
39.9059
60.3055
62.1737
69.8652
73.6547
54.8434
57.3035
48.6479
47.4715
49.0067
48.6947
60.1576
46.8636
28.4577
35.6306
35.6668
33.1133
55.2897
58.5031
49.8239
45.6295
68.7780
64.7136
78.6946
64.6441
35.0106
42.1191
44.6679
41.2186
45.8092
50.6905
58.0996
42.5865
51.5184
55.2337
69.5577
60.0896
63.2970
56.6849
67.1578
48.0181
49.8624
55.9614
61.6147
47.0845
57.7036
50.5651
55.6450
50.4061
45.3275
44.4715
52.1188
49.7982
65.1719
78.1982
65.6161
67.4120
53.9880
51.3535
57.9059
62.0075
58.6015
54.0142
50.7627
61.8714
54.8975
69.5841
63.6291
65.1211
53.6307
67.9357
65.1428
64.8570
65.3001
77.1156
55.9080
55.1031
67.6725
72.5830
68.0484
64.1244
46.1809
53.1906
50.4750
50.7732
66.2977
62.3344
51.4505
63.1305
59.4378
72.2473
61.7964
68.6936
55.9178
61.4017
64.2974
55.9296
