90.2717
86.6719
79.2485
103.0761
99.8062
75.1068
94.9993
98.2898
118.6001
113.4725
69.6248
88.6120
102.4575
106.8520
111.3411
90.7221
60.7280
72.2694
53.8859
67.4572
83.0262
109.2162
67.8743
90.8571
164.4654
144.0847
108.6034
166.4515
84.1679
99.6088
84.6136
97.4232
86.1209
73.0495
99.7992
107.5071
109.6736
126.8232
108.4092
107.4222
131.4496
120.7626
136.7934
126.1572
59.7043
83.7726
62.8310
58.5525
75.2066
75.0016
59.4053
70.0282
109.7645
125.2855
106.3340
90.6320
102.3479
174.2605
96.7982
127.1958
83.2639
78.0799
64.3892
67.9112
121.8985
116.3244
138.2623
110.5770
71.7738
71.5982
82.4588
75.9667
76.0851
57.4852
101.4930
69.0694
62.1502
48.9846
68.3807
73.8555
79.9939
73.7261
96.8276
65.8615
67.5403
80.9761
117.4631
77.2783
47.7632
71.2365
65.8991
65.6402
75.0450
73.0078
81.2624
91.6300
74.2934
77.5160
68.7078
59.4799
37.6160
56.6639
56.2179
56.9101
68.7701
72.2129
65.0849
70.3027
83.7404
91.7071
73.1678
98.8645
60.0806
65.3430
77.4427
69.1172
67.1314
85.0992
79.9495
88.4250
67.5209
65.6429
78.8475
86.8494
56.3657
83.6905
82.9337
60.8321
83.7064
103.7795
85.5260
71.8465
98.7580
108.2221
111.2406
84.8211
100.2575
114.3497
80.7917
141.6125
72.5622
90.7798
72.6788
72.9717
121.5788
109.1899
102.3822
130.4810
106.6323
91.6619
125.6250
113.0132
100.7959
113.3183
104.9232
99.3622
79.6976
69.2439
77.5281
65.8628
120.4482
114.5990
124.5372
120.0782
38.8492
44.0887
55.0132
54.4336
64.7288
53.3873
48.3924
67.0340
42.4629
48.0210
50.6884
58.5409
72.0494
78.6983
67.5166
65.9757
59.0162
70.3155
68.5259
81.6171
81.5893
66.7093
64.8014
74.8003
82.4430
88.2203
70.4079
72.4613
80.1781
82.3462
76.7457
86.8524
51.0045
45.4973
52.4982
52.4958
58.4938
44.2350
41.2781
48.5926
64.3704
54.2522
57.0914
44.3089
80.4391
72.8903
65.1301
66.8394
79.2263
85.1437
91.5413
71.7006
66.5330
73.2274
71.4909
92.6072
63.8378
63.6240
62.6614
98.2085
80.8470
84.2320
72.5406
73.8701
77.5132
104.8950
111.6559
81.3074
74.3077
86.0507
95.2853
76.9627
107.8266
101.4729
111.9402
97.8251
115.4414
87.5114
103.5023
86.5872
80.0551
75.7954
76.3098
92.6346
69.6703
79.7189
111.5297
99.6123
118.6065
130.2540
102.3246
137.1891
139.9999
134.4373
124.1920
117.8217
76.9489
108.6722
95.9825
101.0361
136.0966
139.8617
159.1450
186.4088
93.6366
101.5936
122.4529
128.4626
66.1264
91.6490
98.2687
107.8698
74.4735
92.3857
107.8776
86.6508
60.3356
86.6712
112.0491
74.5204
106.4872
147.0998
146.6546
131.2044
70.3441
118.2170
85.0590
78.2765
82.3563
76.9762
83.6595
70.1048
101.4478
88.3929
98.6782
78.9126
135.2649
107.0417
132.7278
114.9966
153.6287
124.5188
150.0189
113.2209
94.3344
124.8688
97.4204
93.6619
84.7392
102.8136
88.9656
94.3629
112.7499
103.0678
154.2101
167.9821
118.4054
110.7251
124.9976
102.7089
82.7531
113.4171
77.1051
106.0621
75.9606
83.6346
86.7114
71.7719
87.1119
84.1943
67.2458
76.3929
72.9176
108.8157
73.2815
75.7974
90.9998
93.2822
132.6922
124.6628
121.5564
126.7831
143.3686
138.3892
134.6822
111.0130
150.2976
135.6577
96.5187
108.6905
115.4855
76.7544
75.1509
120.1741
98.0053
100.5156
68.2175
60.8520
85.7300
71.0617
117.1844
88.2786
89.5631
110.4114
122.4887
106.1514
107.3778
92.5158
152.4903
122.2339
134.6731
156.1143
110.5381
94.0962
132.3214
109.2100
100.2742
61.1874
129.5167
66.5883
87.1379
74.3393
70.2349
64.2437
90.8468
73.7104
82.5000
82.8739
115.4844
90.6237
111.1117
97.8374
115.6955
102.5152
140.6809
108.5559
