48.4525
49.9199
52.9594
50.2426
46.2273
43.8749
47.8514
52.5144
59.3293
62.5251
45.7807
61.7462
58.9292
69.7047
55.9067
73.7622
61.9829
62.1383
43.9359
55.6725
52.0571
51.3385
45.3620
57.9452
86.8572
84.0410
77.1722
92.6366
51.5167
48.3117
41.0190
59.3420
63.2137
57.6101
64.9018
67.8380
84.3295
98.9537
84.6531
96.9195
97.6734
111.9221
94.2587
107.8408
49.1839
48.5792
39.7763
45.8361
59.3264
57.3732
43.3273
61.2575
106.9967
109.7919
77.6276
90.9271
101.6407
115.8315
76.9071
87.6157
38.9263
44.8178
39.2114
44.3668
104.2013
120.9406
86.4734
97.0013
54.5665
53.2575
47.3680
49.1054
83.8698
76.5121
78.2970
61.2558
64.7522
67.3101
66.0347
49.9323
58.4025
63.5362
68.8433
49.7319
59.1638
72.0425
80.0512
58.5590
47.8902
52.5235
42.4198
41.8420
56.0108
76.1397
71.0039
79.2383
59.1590
63.4646
73.2172
66.2393
41.9501
53.2582
40.9433
45.9260
66.6528
77.8045
60.1947
68.5232
45.1988
46.9367
45.6204
47.8188
42.4674
40.5982
41.7553
40.1164
55.7512
58.5552
59.9325
62.2818
42.8308
46.8850
42.5605
42.8629
41.2619
39.3440
40.3676
43.7072
51.4720
50.1484
49.5381
49.8257
59.7919
67.9657
58.5608
60.8512
86.4506
89.7286
82.1673
98.0004
47.4547
41.6148
46.7991
47.5959
101.3389
95.1166
95.3505
99.8568
89.5145
97.6431
92.6895
108.2082
79.5894
100.0879
84.7868
91.1811
64.7064
71.7105
60.3695
53.8143
95.3406
112.1293
96.0306
88.4683
31.6150
30.2527
33.4308
31.1665
40.8480
34.5025
36.6885
38.6887
40.2581
36.3017
40.9437
42.9133
90.2845
74.6250
68.9526
67.7733
66.7424
59.7119
69.2952
69.9634
41.2032
37.1305
38.3083
39.3607
59.7872
51.5868
53.0834
55.1918
47.3372
40.6033
45.3072
46.9239
40.1633
35.7673
37.9491
44.8654
28.4127
30.0325
28.8039
31.9099
37.1542
41.7715
34.2350
36.4127
54.7410
68.4951
49.7069
68.5036
59.7881
75.3525
64.4752
69.8940
33.4988
37.2343
37.1808
38.6833
47.8470
69.1527
60.4991
72.4375
35.0015
38.5336
34.6546
41.0982
51.5695
47.2251
54.8292
48.8373
46.9732
49.0396
49.0613
44.4077
62.0784
55.2466
61.8468
59.5864
59.8114
51.2087
61.8120
54.4739
54.9201
50.2911
56.9363
53.3209
58.0689
54.9657
62.8447
64.4728
76.6066
74.0318
75.0720
79.1815
80.7779
73.8156
78.0422
73.7296
57.7398
52.6147
61.9643
56.7726
80.3702
72.9336
90.5573
83.6254
69.0608
57.7727
70.6167
63.7795
61.1006
54.3571
66.0200
59.2626
43.0948
48.8702
52.1664
53.6541
43.3457
43.3828
48.3154
50.3336
83.1593
70.4635
72.8535
74.5595
50.5047
53.4752
48.2107
51.2234
51.1635
47.7741
47.1826
48.3710
54.1093
44.1516
48.0374
46.6874
68.7391
59.1745
75.9302
62.8960
73.9228
64.7775
75.8844
70.0858
63.5518
57.9731
67.3504
60.1744
52.9924
46.6214
51.1557
53.3355
75.5379
66.5319
75.7585
81.5775
56.5234
52.2361
58.7145
61.7537
51.4538
57.4061
55.4871
53.4995
46.7544
47.6117
39.9649
42.5905
46.0129
42.2509
38.9828
44.3470
52.3621
57.4654
49.2548
52.7181
61.0550
64.9141
60.2382
56.6405
67.5251
71.2349
59.4659
60.2197
70.9154
76.7970
61.8876
64.1469
54.1818
55.9154
52.5655
44.0289
47.6709
51.2946
49.1460
42.8672
44.2371
49.0884
49.7667
50.9759
59.2614
61.3098
65.9830
61.8029
59.5779
67.8331
69.8847
67.7852
105.1750
105.7506
109.5259
109.8085
92.8073
104.3709
100.1165
97.2782
53.0815
58.2182
56.2455
62.2803
49.2879
50.7407
48.3920
49.5255
46.0572
43.0847
47.8407
50.5807
53.5838
56.0755
65.4882
61.4476
94.4493
101.9776
110.9130
108.9433
