24.4370
28.3670
25.1320
28.0366
36.0234
34.4164
27.8055
33.9268
30.3632
30.5722
26.7230
30.2661
34.6169
24.8990
25.5124
25.5285
119.5571
144.1869
120.2819
116.7187
32.1098
29.4297
24.6242
33.2655
28.0927
18.6603
20.0773
23.7389
21.1482
22.0379
19.3382
20.7742
38.0152
35.2047
37.7085
51.3580
23.0665
22.1224
22.4924
28.2080
14.9468
12.6255
15.0339
13.7164
32.9081
26.7707
29.9420
49.1305
18.0378
18.8030
16.3813
18.4692
26.2040
22.6947
23.9990
30.9072
56.1339
56.7034
59.4853
48.6835
26.5377
20.9695
23.7757
30.2081
64.9851
69.9433
67.3840
60.8006
22.4626
27.4223
20.7397
19.1530
32.5032
26.3591
25.5662
29.1744
18.4043
23.3232
22.1999
21.9603
29.3382
26.9446
26.7196
32.8088
26.6540
21.9494
33.4301
26.3202
14.6779
16.3162
12.5788
14.8123
45.8125
42.6568
45.7441
38.7655
24.5323
20.4537
23.7281
25.0078
12.1806
12.3177
13.5767
13.0118
20.2608
17.7358
18.4794
17.9731
11.3355
8.2567
10.3640
10.0777
24.1329
25.5607
24.2695
29.2354
30.1240
29.2341
22.5725
26.6056
24.9740
20.8242
24.4953
26.4680
22.2452
19.9665
20.6795
25.9749
25.0146
22.8882
23.9743
30.1628
27.0522
28.7408
28.9367
27.0808
25.6336
21.6124
22.5309
21.8736
21.3591
20.0527
19.5144
25.0763
36.1162
28.2070
28.5840
43.4245
27.3588
31.7346
27.9514
24.2820
48.4253
43.5340
46.7666
39.6392
25.6859
26.1359
21.6981
30.4825
14.6889
14.6016
15.4089
13.8943
48.6242
46.7652
44.1361
40.7161
51.0904
46.3007
48.0841
45.1623
21.2099
27.1019
25.4348
30.0652
25.0642
20.1975
25.5031
22.5296
15.7792
18.2577
15.1413
14.1458
38.3573
37.6240
44.2654
57.1350
69.2744
75.7122
65.2023
66.8523
38.0918
30.5364
30.9769
31.8572
73.8149
78.2070
65.4929
66.9591
36.7431
34.4937
35.8127
63.9125
72.8140
79.7934
77.1919
82.3922
41.2828
30.2176
25.8908
30.7382
29.9892
28.5863
26.8322
35.5592
22.4024
22.3345
22.8777
23.8540
60.1106
70.6703
61.7081
59.1306
12.2649
10.0397
11.4174
10.6035
31.2791
22.2528
22.3110
33.0994
11.1952
12.3844
10.1427
11.2727
42.7217
30.6662
35.2109
73.8977
24.6138
21.1017
21.1483
21.7712
22.8266
20.0012
24.4422
28.1545
26.4209
24.5634
20.0149
24.1948
25.9991
21.7565
29.4070
23.2810
27.4447
22.4963
23.3318
32.7471
23.0143
23.9383
24.1570
25.0983
17.1748
19.1268
17.6614
15.0490
51.4250
56.0769
58.7735
48.3464
28.7867
27.7641
21.7929
30.5713
37.9705
35.1759
38.6510
33.1328
50.3657
44.4235
43.9689
53.2771
22.9863
26.0774
21.7370
25.4593
35.1730
26.3174
26.1367
25.9391
12.8578
11.2799
11.7488
12.2780
28.8946
26.9618
24.0560
26.3893
32.2987
24.9675
25.9968
23.9683
72.2302
67.9111
75.3184
68.9563
48.0562
45.6752
41.1794
47.6430
48.3387
48.7838
45.2475
53.6443
68.9925
67.1150
67.9311
66.5203
16.9694
17.4346
17.1515
13.6657
25.7083
25.8202
24.3882
27.5444
12.4616
14.7280
11.6398
11.4441
30.3200
28.5273
24.6024
27.9513
62.7874
62.5787
55.4285
58.9285
26.9761
24.3631
24.8717
28.1383
21.3236
17.1197
17.2819
16.8557
22.8817
23.1572
20.0073
22.2790
19.9180
20.2776
21.1142
20.4837
21.9915
18.3440
21.5915
17.5296
83.4872
102.5780
106.0062
88.5898
57.8537
69.6266
58.6808
60.3404
11.9330
11.6704
12.4789
13.3834
46.0361
46.9637
44.6528
55.2356
29.0621
27.8412
25.6600
24.4788
68.9281
73.9491
75.2651
67.6231
12.6954
10.7431
11.6780
12.4879
46.3735
38.6668
40.0933
46.8749
25.0045
25.4446
25.6100
26.1610
26.3745
25.0041
23.9461
26.1231
