2.0544
2.0056
1.9900
1.9293
2.9574
2.8507
2.7070
2.5056
2.6651
2.9531
2.8397
2.8282
3.1866
3.0632
2.9447
3.1669
13.3075
12.5577
12.6832
14.4952
2.3982
2.2992
1.9564
2.0027
3.3744
3.0807
3.2196
3.2783
2.5770
2.4124
2.3966
2.4674
3.4646
3.5267
3.6240
3.8430
1.8101
1.9807
1.9644
1.9263
1.9351
1.8815
1.9334
2.0153
2.7859
2.8336
2.8188
3.2784
1.3991
1.6548
1.7271
1.4154
2.0905
2.0586
2.2497
2.4197
7.8439
7.3797
8.0858
8.2560
2.3635
2.6291
2.6847
2.8329
7.5414
7.3966
7.8012
7.6383
2.1713
1.8444
2.1318
1.9416
3.1452
3.0206
2.9013
3.0564
2.2745
2.3342
2.4162
2.3679
3.1735
3.2046
3.1873
3.2424
2.0853
2.0374
1.9631
2.0658
2.6963
2.5606
2.6715
2.9126
4.2548
4.2006
4.4795
4.3604
2.0980
2.0346
2.0205
2.0776
1.9579
1.7262
1.9208
1.9853
1.9594
1.9295
1.8589
2.0436
1.7538
1.8272
1.8068
1.7805
2.7602
2.8389
2.8573
2.9841
2.7375
2.7639
2.7896
2.8580
1.8913
1.8064
1.8120
1.8037
2.0239
2.0230
2.1790
2.0520
2.5738
2.7129
2.6580
2.7278
2.2004
2.0342
2.0932
2.0399
2.4645
2.4277
2.3386
2.3705
1.5969
1.5992
1.6656
1.6164
3.0796
3.1855
3.0733
3.9513
3.0931
3.2059
3.2382
3.2992
4.2781
4.1150
4.3390
4.8132
2.5070
2.6205
2.7084
2.6459
2.6056
2.8930
2.9208
2.6179
4.2447
4.3378
4.7079
4.6945
4.4988
4.1586
4.3726
5.1817
2.4976
2.7309
2.6483
2.6349
2.4381
2.3113
2.1361
2.3674
2.4678
2.4057
2.5424
2.8009
3.6711
3.7919
3.9850
4.0898
6.7476
6.1125
6.1042
6.3538
2.5209
2.6765
2.3998
2.4318
12.2688
11.9216
11.3915
12.8166
3.4582
3.1336
3.2803
4.5338
8.7596
8.6186
8.8377
9.9379
2.8989
2.7542
2.7744
2.4191
3.4212
3.7644
3.4899
3.6927
2.0266
2.1777
1.9984
2.0899
7.4486
7.7230
7.5453
8.1673
1.8423
1.8529
1.8828
1.8004
2.5340
2.6165
2.6818
2.7287
1.9165
1.8883
2.0590
1.9804
3.1110
3.0323
3.1335
5.1645
2.4183
2.1468
2.3112
2.2296
2.6678
2.6133
2.8388
2.5552
2.1660
2.0948
1.9985
2.1263
1.9005
1.9273
1.7359
1.9659
2.6995
2.5727
2.5997
2.8319
1.5882
1.6436
1.6240
1.6972
2.3625
2.4746
2.3688
2.5407
8.1752
7.9900
9.2756
9.3826
1.9629
2.0108
1.8438
1.9014
2.3315
2.4118
2.2697
2.2960
4.5927
4.7076
5.4472
9.8388
1.9047
1.8529
1.8598
1.8187
2.3770
2.4089
2.2902
2.4093
1.9439
1.9911
1.9383
1.9956
3.4881
3.4564
3.4108
3.6766
2.7408
2.9864
2.7289
2.9040
8.0442
8.0299
8.0658
9.1491
4.9276
4.8694
5.4204
9.4063
4.8348
4.7590
4.6953
5.2997
7.8362
8.3067
8.5364
8.5353
2.1824
2.1602
2.2838
2.4393
3.0891
3.1054
3.0865
3.0135
1.6902
1.8858
2.0088
1.8934
2.3521
2.3001
2.1127
2.2756
6.5170
5.9511
6.4423
6.4934
2.5316
2.5014
2.3040
2.4205
1.4703
1.4323
1.4840
1.5781
2.0075
1.9636
2.0640
1.9984
1.7231
1.7060
1.7717
1.7983
2.3559
2.4298
2.3895
2.3006
8.3612
7.8554
8.5990
11.7378
8.8553
9.0263
8.3913
9.3175
2.2399
2.1682
2.2218
2.1757
4.7231
4.7717
4.8430
5.1996
2.6579
2.6912
2.9294
2.8455
8.0831
7.8367
8.0169
8.4448
1.7703
1.7413
1.7650
1.8283
5.7165
5.4578
5.8048
5.3960
1.7685
1.7965
1.7237
1.8505
2.6052
2.5973
2.6977
2.6556
