49.2042
56.6009
42.1416
48.2948
72.7954
76.1188
44.1066
69.3109
53.5161
47.9623
36.8938
42.9279
49.6468
41.7310
44.4692
48.8683
115.1178
123.8868
114.9096
143.5010
56.1166
58.8165
37.3438
65.9994
48.9767
42.7049
52.8165
45.8096
33.1993
40.4043
42.1140
37.2475
56.8639
65.4835
70.0409
58.9979
33.3659
38.2938
36.8539
35.0002
28.6246
19.3151
20.9138
20.9460
57.6068
49.3696
53.8264
74.3038
36.3368
30.8865
45.9019
29.9131
34.8340
37.0652
35.8086
34.8602
74.9672
76.5135
66.7939
65.0616
46.2616
40.3962
42.6169
46.2701
72.2908
70.5120
66.5783
59.4089
33.1336
38.2939
25.0100
37.7926
57.0549
56.8504
50.6657
59.9017
34.8085
31.7411
40.4413
35.6390
54.6839
52.6163
45.9794
60.6656
45.2480
47.1905
58.9550
49.6799
30.1519
28.8787
26.8545
21.1790
66.1694
63.3298
69.8563
69.7530
45.5676
37.9780
46.2998
41.5419
23.4231
29.6685
25.6135
24.2468
28.4667
28.1980
29.1789
27.7940
23.5664
15.4366
16.4917
18.4365
58.4592
51.3042
58.0287
52.3625
51.4248
50.6316
52.5612
53.0751
45.6878
38.8761
46.0488
44.6376
33.2750
40.3290
38.6989
35.7667
67.7865
73.8003
56.9232
66.7966
77.1105
80.9968
47.6639
57.7337
45.4831
38.0366
41.8009
41.7530
58.9344
71.7336
53.9411
60.1367
55.6227
46.1262
45.4249
61.5703
43.5764
46.0730
50.7567
42.5547
57.0577
66.9612
58.7927
56.5395
59.4209
54.9444
46.4671
61.3912
39.3821
25.6400
24.7911
23.3767
72.9362
69.1749
77.0319
71.5151
61.1893
76.3476
64.2718
62.2014
40.2707
49.9115
51.0252
41.1646
36.1661
41.3371
47.0837
49.2258
34.0236
31.0530
30.6651
24.4729
64.2895
69.7822
73.6540
58.1679
53.6333
51.2660
51.5621
55.7025
41.3345
41.2998
42.8569
39.5254
112.3577
104.5078
81.5743
81.9272
71.1943
60.9882
65.7445
87.9834
67.5001
63.4517
72.8198
68.2122
55.9066
64.8480
42.1018
63.9111
60.4345
52.8277
75.4359
59.9658
37.1073
35.9548
44.1015
35.3201
76.6675
73.1238
61.6614
68.8389
23.5972
16.0951
16.9717
18.7029
55.2220
50.0056
50.9047
55.5878
16.4060
21.7437
17.5224
18.3503
67.6816
56.4703
65.3139
83.5069
28.3858
33.5847
27.1988
34.8231
28.9033
36.0702
31.4787
33.4156
39.0929
29.2893
28.7306
31.8871
41.9407
46.4846
53.5537
52.6801
47.2982
36.9216
42.6199
45.6908
72.9775
90.9587
65.1655
69.3947
31.2208
26.5859
30.0354
25.0957
75.1539
86.2427
70.6556
72.6762
41.6207
41.2348
44.0802
43.8548
55.2090
42.7040
45.7830
45.8385
82.2851
79.6879
80.5118
86.2988
47.9705
55.2695
35.3504
45.8322
40.4127
42.1307
42.0458
36.5181
20.8455
21.5122
20.3402
21.0340
50.5854
48.4251
38.5346
48.0985
46.4205
46.3807
45.5361
44.5597
62.9209
62.5581
68.5361
64.1443
74.2733
69.3304
73.9567
66.6684
84.3305
63.9505
61.0603
81.0657
68.5159
90.1103
67.6250
58.9986
33.0301
29.2588
30.2549
24.6615
40.1581
39.1844
47.3360
41.9015
17.8492
21.5470
18.9765
19.7446
46.7119
33.4570
41.9569
38.3774
54.4449
58.7466
58.2276
56.3650
34.2878
32.1303
30.5087
35.8248
30.6592
30.1667
33.4207
29.2725
34.1531
33.2817
32.6017
31.6634
68.3898
79.8420
53.5679
58.6207
38.8777
26.8547
29.1449
27.6916
88.3840
97.1650
88.2169
102.0446
83.6442
82.1040
63.8382
66.3868
23.4283
31.3397
25.9290
24.5213
87.8302
71.2786
62.9078
84.3524
73.0221
76.9531
55.2358
73.0565
76.4506
75.9462
68.1928
60.9548
24.0139
16.4601
17.9405
19.0642
58.5496
58.6746
60.6398
62.7084
74.2814
80.1672
47.4193
61.7150
50.9373
50.3890
52.7032
49.5842
