6.9923
6.8442
7.2060
7.4956
11.7881
11.4443
8.1167
11.1359
9.1324
11.0084
9.9840
9.5290
10.6499
9.2558
9.3511
9.7057
52.9917
55.3564
49.5446
42.6862
13.1540
8.4583
9.2816
8.4575
9.7889
8.3314
8.2146
7.5578
7.6804
7.0909
7.5382
7.1551
12.4856
13.2050
14.0223
13.3364
6.6066
7.6784
8.3383
8.5588
5.2122
4.7731
5.1522
5.0585
10.3084
7.8713
9.1446
15.2774
5.0929
5.2918
6.6117
4.9338
8.6515
8.1155
8.8601
9.7966
21.8801
22.8337
26.3774
25.4150
7.1532
7.1912
7.3696
8.3452
23.5845
22.6880
26.3085
23.6867
6.2564
6.5159
6.1844
6.0817
10.3361
9.2328
9.0511
9.3121
6.9096
7.2046
6.9388
6.5721
8.1394
8.7954
8.5799
10.3338
7.0770
6.9988
7.5079
7.4543
6.0721
5.5311
5.8622
5.7640
15.5531
14.8855
15.4327
14.0364
6.4196
6.4813
7.1494
5.9990
3.8215
4.0749
4.5569
4.4063
5.8157
6.0600
5.7774
5.3526
3.4626
3.6328
3.6750
3.8696
8.7383
8.9982
8.4766
9.1776
8.5154
8.5236
7.7934
8.2894
4.9147
5.2341
5.3629
5.1118
5.8797
6.3390
7.5306
7.9873
9.6322
9.4962
9.3102
9.3314
10.0533
7.7165
7.3174
7.9872
7.4261
6.3531
6.6780
7.0569
5.8224
5.0622
5.8477
6.4777
11.9007
9.6726
9.8748
18.1994
10.5444
10.2726
9.8914
9.1256
15.1008
16.8070
16.9650
15.4229
8.7943
8.8090
9.2562
9.6301
5.1567
5.3886
5.0870
5.7660
14.1520
14.4819
15.3432
14.8388
15.1349
15.2276
15.7755
15.9949
8.2580
9.1462
8.6502
9.1751
6.5034
6.0390
7.0148
6.9018
5.4502
5.3843
5.7933
5.5941
13.5223
13.9060
15.4659
16.3926
28.9365
28.0158
25.3825
24.4771
9.5339
9.3933
11.9329
10.9172
28.4567
28.7318
29.6279
29.4806
12.9825
10.3311
11.0868
17.2365
31.7095
30.1036
29.0758
29.8041
11.0012
10.0353
7.8407
9.8423
9.9063
10.1426
9.6366
10.6687
5.6530
6.2217
6.6114
6.3760
20.8892
23.2047
23.0743
20.9618
3.8357
4.5589
4.3352
4.3097
7.0571
6.4629
7.6088
9.4578
4.1869
4.7696
4.2628
4.5129
11.7031
10.1489
9.7493
28.9973
7.3912
6.5493
7.4376
6.9707
8.6052
8.0252
8.3704
9.3930
7.2980
8.3824
7.2706
7.5772
6.6937
5.8101
6.6763
6.9145
8.0040
7.4059
7.7546
8.9564
4.6871
5.4465
4.8073
5.4829
6.2767
6.1781
6.0196
6.2481
23.4399
22.7508
26.7508
25.5432
7.2052
7.6752
6.7239
7.3037
10.9928
10.4036
9.0489
10.9808
16.8891
15.4682
17.0916
20.3932
6.2294
6.0494
6.1780
6.8012
8.3335
8.9537
8.2330
8.8985
4.4393
4.4711
4.2538
4.6913
9.8979
9.5687
9.7165
10.0089
8.8552
8.8198
8.3710
8.2100
26.2714
24.7107
25.0923
25.2665
17.8977
16.5568
15.6460
20.3013
14.0820
16.4842
15.9662
16.8513
25.6088
26.2641
29.7105
26.4978
5.6811
6.1396
6.7536
6.0182
8.7117
8.9444
10.2881
10.0383
4.2946
4.9089
4.3695
4.4298
7.9648
9.5181
8.1131
9.2561
22.8638
22.9257
24.0729
24.1607
8.8241
9.3789
7.6953
8.7364
5.1686
4.4440
4.8067
4.9672
6.3988
7.2935
6.0272
6.5993
4.8976
4.9711
5.0643
5.5999
7.2282
6.8300
7.2030
6.2159
34.1406
38.2891
31.3075
35.9699
21.4149
25.6467
23.4318
21.8567
3.7401
4.1835
4.5808
4.4830
16.2494
15.9272
15.8085
14.9648
9.7490
10.1043
10.8910
10.7390
26.3787
26.5726
32.0120
28.2885
4.4424
3.8739
3.9662
4.1947
16.9964
15.5248
16.7755
15.0568
6.5425
6.6691
6.1923
6.6589
8.4981
9.1075
8.1414
8.4259
