2.4114
2.4880
2.2594
2.4498
2.5623
2.9152
2.5400
2.7146
2.6115
2.8330
2.9275
2.5341
2.2940
2.2736
2.4599
2.2458
6.5083
5.7264
5.6044
4.5562
1.9785
2.0088
2.0697
2.1457
4.3148
4.1815
4.3270
4.4973
2.1785
2.4314
2.2045
1.9884
14.2379
5.7960
10.8720
8.6895
2.5988
3.5370
2.6930
3.1784
2.2620
2.1057
2.3162
2.1811
2.3258
2.3503
2.0440
2.0795
1.9280
1.8829
1.8096
1.9363
1.9404
1.9439
1.9419
1.9709
1.6962
1.5956
1.6782
1.8831
4.5931
4.4651
4.7031
4.9135
1.7435
1.5308
1.5960
1.6172
4.9282
5.2039
5.3000
5.5494
2.1050
2.1392
2.3449
2.6600
1.9209
1.9793
1.8544
1.8942
7.6455
12.1950
11.1118
12.4298
2.3485
2.3792
2.6424
2.4728
4.4780
4.7185
4.6826
4.7212
5.4356
5.3966
6.1820
10.1566
4.7232
4.6683
4.7056
5.4528
2.2739
2.1504
2.2888
2.0763
4.0388
4.2980
4.2542
4.4539
2.4539
2.3479
2.1586
2.2657
2.4723
2.5718
2.0353
2.3299
3.9417
3.3664
4.1780
4.1740
9.0156
9.2127
8.2107
5.8149
4.3248
5.1672
4.8153
5.6720
2.1411
2.1099
2.3070
2.2245
1.9924
1.8752
1.8873
1.9273
1.8119
1.7059
1.6748
1.7481
1.5766
1.5508
1.5608
1.6279
4.4528
4.1865
4.4959
10.1049
2.7055
2.8176
2.9434
2.9014
2.1027
2.0928
2.0671
1.9754
2.1295
2.0966
2.2618
2.1780
2.1753
2.1107
1.9285
2.2799
1.9801
1.9219
1.8284
1.9300
4.4190
4.5809
4.5771
4.6012
3.4406
3.2367
2.6410
2.4379
4.1758
4.2001
4.5220
4.6214
4.2058
4.1953
4.3316
4.6239
4.8274
4.5869
4.9426
5.1668
5.2286
4.7291
4.8445
5.3117
2.1703
1.8951
2.0862
1.9829
1.7318
1.7274
1.6664
1.6293
2.4452
2.6219
2.8509
2.5367
1.8403
1.8104
1.7147
1.8511
2.5361
2.5465
2.3545
2.4653
4.7657
4.9227
4.8826
5.0725
2.9961
2.5094
2.4755
3.0715
3.0084
2.5905
2.7789
2.4622
1.7623
1.6918
1.5978
1.6348
2.2172
2.4964
2.2157
2.2822
1.9977
1.9396
2.0338
1.8660
12.4810
16.3021
14.7199
18.7795
5.9782
5.9653
3.8732
4.3398
1.9006
1.8382
1.8805
1.7597
1.9289
2.1826
1.8325
2.1473
2.2620
2.7045
2.3650
2.2947
5.2380
5.2935
5.5049
9.9715
2.0510
2.0479
1.9542
1.8959
2.1042
1.9765
1.8871
1.8939
1.8637
1.9385
1.9189
1.9850
1.9137
1.8186
1.8619
1.9006
4.9860
4.1823
5.0952
4.2273
1.8627
1.8503
1.6796
1.9739
2.5711
2.2659
2.2544
2.3600
7.0302
8.6608
6.6941
8.8441
5.1264
5.2760
5.8734
9.9837
1.8504
1.8298
1.8484
1.9442
7.5640
5.6211
6.8164
7.5389
4.8535
4.8896
5.1382
9.0957
4.2584
4.1110
4.2186
4.3760
3.1362
2.9578
3.0590
3.0452
4.4159
4.3193
4.7317
9.6388
1.9684
2.0764
2.0357
2.1118
2.4420
2.2428
2.4952
2.4377
1.9735
2.1488
2.1508
2.1052
2.6105
2.5049
2.6449
2.8725
2.2133
2.3368
2.3524
2.3706
6.0723
5.9993
5.2764
6.1424
1.5012
1.4987
1.6205
1.4673
1.9717
1.9502
1.9493
2.0250
5.0129
5.0105
4.5012
5.0334
2.5462
2.4721
2.1475
2.2788
4.8860
4.8522
4.8709
5.1641
2.5991
2.2560
2.1895
2.8346
2.9400
3.0104
2.8885
3.0225
3.2996
2.8116
2.5509
2.5140
3.9999
4.1445
4.2158
4.0132
5.3904
5.3531
4.9451
5.3309
5.4194
5.2808
6.0491
10.0766
2.0562
1.9925
1.9462
2.3321
1.9418
1.9342
1.8810
1.9515
2.3491
2.3162
2.3799
2.5082
