83.1552
64.8153
54.6261
92.1478
293.4523
402.7161
166.2062
283.5479
132.4821
112.4734
136.6714
123.9461
108.4301
123.4829
84.5784
131.4131
195.1613
207.4590
250.9796
181.9405
78.9509
66.1373
63.6199
69.3423
98.5443
90.6557
87.5152
116.4667
219.1161
245.9674
203.4193
205.3163
972.3093
1048.5100
1025.9024
1387.4022
210.1935
288.5854
172.1020
237.4565
189.7569
148.5591
172.9379
182.7522
142.3463
146.5659
155.0163
134.3280
52.3874
62.1593
69.4252
70.5087
55.9251
74.5579
84.4835
82.5675
99.8516
81.6189
84.8032
82.0551
143.9131
157.1001
127.1289
162.8293
81.8579
95.5094
110.1478
101.4466
179.9828
129.0008
143.6181
124.6605
113.9560
116.5340
94.2525
86.6227
111.7470
68.6209
61.9175
57.7029
390.4713
328.5430
220.6220
333.8219
140.1240
109.4147
130.4986
132.1831
178.4862
103.6717
122.8045
94.3499
205.4323
207.9221
225.8779
255.1045
216.8535
254.9004
245.7208
257.8817
63.9596
50.7060
64.1685
66.9146
134.3853
211.3553
131.9514
117.9522
117.5986
115.6337
147.5082
129.6995
175.1019
191.2824
173.7539
210.0893
245.2759
280.5664
323.7618
402.7120
209.2128
213.3136
241.9913
184.3179
178.2773
179.7947
137.1454
201.9118
138.0397
136.6184
134.9146
136.5979
48.8113
63.9219
72.9502
68.7256
87.3083
100.7911
118.8759
109.3122
67.7265
76.2072
74.2601
63.4253
80.9216
86.6991
98.5797
104.2355
144.5395
155.8711
148.2904
159.0766
192.3703
169.2156
122.3733
148.0216
59.5789
85.6367
54.3036
82.1509
106.2341
260.3458
148.7620
231.4004
54.6092
72.3179
58.8861
74.7417
158.8145
102.1370
121.0386
85.0166
175.3635
163.8737
192.9878
155.0903
129.3945
94.3695
110.4759
119.4880
97.7928
109.7775
75.3299
101.0054
158.8648
191.4315
141.0239
183.0040
176.5969
244.7135
136.8327
224.3418
99.5337
64.7886
67.8492
68.0185
214.0971
134.2362
114.4303
133.4616
143.3513
115.9575
135.9663
131.3277
93.4268
124.3829
137.1689
101.4688
141.3072
87.5573
78.3924
112.9690
185.1530
125.0626
147.2310
117.5618
164.6978
151.9542
177.5829
148.3996
101.1127
101.9017
115.9637
146.3967
161.7055
101.6934
83.1841
102.8404
61.0805
76.9365
92.3951
91.4834
123.9759
144.7291
96.2178
142.6140
917.1614
791.7908
665.3143
715.5743
262.6289
209.0508
187.7018
176.3871
219.1392
119.9794
122.0365
128.3316
98.1409
129.7494
82.7778
89.5861
135.6329
173.2249
147.8518
188.2457
108.2356
111.5798
130.1772
130.7997
181.0780
123.6534
175.6198
178.3546
126.1528
153.3578
106.9385
141.5531
78.6083
88.0000
105.5571
93.8148
63.9882
65.8683
69.9911
71.0638
268.0569
231.5998
237.3663
169.5679
81.3713
74.7851
64.6497
57.6215
73.7323
68.3161
63.4144
67.3381
595.3957
522.3359
416.6389
523.1440
160.6972
159.7916
190.4740
205.4908
79.6665
69.4023
72.6850
66.5367
524.7750
565.6180
452.5350
529.4905
106.5283
105.1826
124.7035
123.8230
97.4686
101.0131
81.4593
77.9510
91.8548
168.7801
120.4515
107.1474
88.9898
94.4865
109.2785
109.9346
90.5894
73.1857
72.1584
71.8904
162.4672
141.7584
157.0082
127.1955
69.6074
56.7302
61.6309
71.9068
122.1189
126.1624
97.9343
129.9231
55.3876
48.1330
50.3560
48.5428
244.6296
373.1151
382.8846
422.1182
74.9648
47.6503
70.2212
74.5478
59.4465
65.2394
57.2845
53.7756
175.6432
171.2892
165.2135
175.4245
177.9605
244.2210
167.8002
206.6975
198.0643
295.6410
247.1131
278.0667
192.4582
224.0059
172.2652
241.2632
62.7928
67.6458
56.1991
86.6177
140.2215
96.6730
148.2169
160.2727
120.2230
208.5883
143.4589
135.6834
176.3901
186.8870
181.4483
192.6104
179.6154
179.1381
213.1756
229.4989
234.1041
276.7433
164.7350
245.4267
50.7362
73.5144
80.0739
77.8919
67.3574
92.6791
68.2043
104.6917
