1079.8967
1176.4668
1234.4542
1724.8813
1443.9277
1334.2646
1208.7959
1230.5279
728.8230
907.5830
865.9059
920.2432
355.2125
397.1349
445.9756
519.1565
1041.5314
1120.0563
1155.7929
1108.9173
263.0589
268.7231
400.6412
442.8256
224.6936
450.7847
369.9003
383.2385
913.0739
1152.1536
904.8481
760.2798
680.2552
984.2659
1160.0668
833.6319
759.7554
940.3107
777.9756
716.1682
766.6250
971.4656
579.6580
526.7307
1090.2794
1650.3775
1602.6154
1504.0272
899.6552
1218.6700
1500.3987
1224.5219
397.0619
350.0786
359.1535
441.9375
419.6528
342.3214
375.3232
269.3526
209.6817
196.2263
242.4805
161.5541
2109.2138
1540.4843
1300.7210
1308.3844
291.5248
315.9549
272.8683
308.4628
1589.2297
1509.4441
1564.8868
1368.5024
439.1141
490.6799
502.1496
348.4264
436.5075
343.4097
392.9124
354.3499
633.4528
561.9677
578.7992
352.6570
665.5820
695.1628
748.8546
558.7406
720.2781
981.4142
680.5444
776.7047
1092.9243
790.4213
1031.7462
1236.8916
515.4684
565.1080
455.4243
562.8967
953.5987
1201.5564
1585.7990
1423.1271
2056.2670
1954.8901
1934.2726
1394.6641
311.8578
300.5010
379.0101
321.1336
750.4629
1000.7894
879.8257
816.6775
454.2430
593.2919
1042.3835
1056.8666
221.4186
240.8832
347.9507
300.9638
1334.3050
1144.7851
1329.8420
1305.9150
888.2060
1098.3782
1090.2237
1045.2829
891.2997
967.9159
1188.4292
1145.5227
576.5685
587.7031
477.5501
501.1417
1170.0861
1451.2206
1362.1816
1931.7768
424.0532
382.7996
490.7015
448.6176
193.1362
251.9918
312.3281
348.5474
304.0766
351.3161
437.7795
391.7836
1030.4303
1074.0730
1268.1038
814.2454
657.7856
703.8686
841.7969
984.2264
254.3076
373.7062
382.0954
325.9397
1510.7602
1279.5377
1403.4343
1166.6593
321.1482
410.0890
395.0551
441.1249
1037.0898
670.1630
792.1619
813.3341
1076.4045
1165.9203
1052.4473
1027.9379
1047.9462
691.8893
756.1468
673.0609
810.1963
779.4310
999.4460
873.9207
591.7671
646.4227
601.2665
638.9643
322.8626
278.9520
408.3877
509.0053
588.8056
806.1751
626.7596
560.6554
457.5638
463.8619
505.2878
485.3835
387.5240
544.4505
623.7747
629.3766
423.0675
363.7295
479.5546
483.4541
362.0672
352.9869
483.1070
439.4209
559.3204
644.1476
826.4881
848.7334
1204.6565
916.3461
1157.7305
942.6390
1957.5362
2308.1701
2172.5339
1894.9506
1058.6455
1012.4181
1072.5502
1331.4859
358.0533
376.7734
428.5148
568.0721
948.0027
798.9954
784.8420
794.3618
309.4765
333.1094
267.2035
337.9403
404.0605
378.2968
343.6841
345.8681
1138.5902
1115.8262
1217.0324
999.6030
963.4064
961.5780
912.0785
927.8322
1502.5021
1774.3757
1371.3399
990.4887
1074.0874
1003.8303
962.5576
1053.1541
505.4318
453.1271
492.7385
313.3880
567.4054
551.7443
461.5252
454.8496
289.2171
266.9031
284.8033
265.1466
559.6471
676.3194
697.3125
769.4286
1104.5453
1129.6131
1073.5674
1010.5023
189.7251
187.2459
173.6630
214.4909
625.3744
639.5640
403.1774
467.8763
805.1063
1012.4485
1080.6866
1194.0553
326.4846
288.1780
308.8322
259.3358
407.0953
367.5902
299.5600
264.1495
1418.3476
1047.3995
1424.4327
1096.8822
1036.0054
1364.7322
1507.8829
1423.5953
1375.1618
1139.2296
1391.9964
1245.6171
816.8571
1024.0275
1195.0670
889.0877
180.3706
199.5397
208.7148
229.2270
354.7077
222.3787
268.4576
227.8579
1092.8126
1178.8829
1094.8175
994.3248
301.8986
235.2836
260.5366
187.3528
1367.1513
1152.4400
1431.0709
1460.4726
520.9573
537.4544
368.5303
472.3592
316.6029
334.0846
413.8736
328.6175
520.3085
549.4119
402.3940
645.3205
1802.0413
1574.1093
1331.2864
1377.8642
897.2830
923.8092
968.7220
775.8502
1080.9466
1202.7176
1259.1351
1459.1285
573.0064
642.3558
812.4897
928.3509
463.5676
504.7488
528.0738
524.0624
266.1647
312.6453
223.1623
295.7522
1015.3654
1354.4962
1809.8119
1762.9787
619.4364
640.5195
723.3000
864.1634
591.0109
784.2212
686.4892
937.5758
693.0214
844.3297
681.9161
707.5921
