34.0254
32.0773
27.3145
25.4860
44.9708
32.6235
35.4777
37.2725
35.7479
28.8058
30.2110
20.8358
7.8846
6.9575
5.7370
5.3231
20.7574
18.6237
17.4785
14.4647
5.4658
5.3219
5.8504
5.1944
35.1996
42.0033
43.9114
39.4956
13.7005
12.3666
11.2848
10.5101
19.0025
15.9642
14.3390
17.7006
56.6766
57.6617
59.9795
50.0757
33.7447
33.5425
36.8038
35.0472
18.6898
15.6851
20.4213
16.7638
34.8136
32.5989
27.1677
22.8502
5.6650
6.0974
8.9818
11.4823
8.9296
8.3136
6.0630
7.8888
3.6364
4.3278
3.7556
3.2215
73.9027
53.7084
56.6597
54.2238
12.0055
11.8196
10.3287
7.7718
15.6842
15.0252
12.2319
12.1349
17.1124
13.3722
11.2681
9.7290
5.6601
5.8593
6.3693
8.7250
13.4576
12.7928
10.5353
8.9490
11.8835
11.3043
9.8852
9.0501
27.3838
20.2043
13.9244
16.0335
17.8393
16.2231
20.4532
24.0316
7.0513
6.6719
6.1004
6.1221
36.6642
36.9724
31.2268
40.5626
18.0303
15.7149
14.4292
14.0262
8.5282
8.4504
12.2448
17.0395
41.5139
33.5512
28.7988
31.2704
11.0976
19.2279
20.7935
23.8011
6.6729
4.8850
6.4604
7.7065
7.6096
8.2130
8.0993
8.7277
40.0021
33.0623
39.6277
41.5408
53.2665
49.6828
43.0205
45.4067
5.0927
4.2403
4.4864
3.9287
45.7457
44.8760
42.4449
34.5981
4.7926
5.7530
6.6493
5.7110
4.6020
4.5163
4.0892
4.1414
15.2590
15.0173
12.8680
11.7715
23.6869
29.9837
35.2980
40.7036
20.0611
17.7874
16.1109
14.2737
6.8511
5.7027
5.4640
5.6587
12.4143
11.3509
10.9420
10.7313
10.4414
10.8109
8.5261
8.3657
11.7935
10.1203
10.6299
11.7742
60.9276
64.0413
61.0365
47.8251
11.3759
9.5464
9.8586
9.7146
55.5479
38.0781
33.9171
36.5256
12.7707
10.2590
10.6840
10.4297
5.4408
7.8456
10.4125
9.1034
28.7448
26.5458
21.4532
19.3153
14.1139
13.8441
16.2101
19.8223
12.9457
10.5518
9.2928
7.9506
7.2016
5.5140
6.0631
5.4719
8.6869
8.9169
11.0478
11.6204
12.2923
11.2396
10.3377
10.1681
13.1322
12.3207
11.1166
9.2320
22.5231
21.5304
16.0720
19.2983
23.6049
30.1783
26.3746
23.5754
20.1165
20.9979
20.0056
20.5539
18.9488
19.7014
17.0447
16.2388
4.7516
4.7224
5.3857
4.6850
6.2284
5.3609
7.3221
9.7033
14.2290
12.9223
12.6611
10.2004
16.3930
14.3607
15.4032
16.5551
28.5234
21.8753
22.3301
21.5120
56.2094
43.5248
34.3841
31.9769
12.8097
13.5005
14.6550
15.9115
6.2249
6.9720
6.0839
5.3932
6.1904
7.3183
9.5079
8.3440
15.5069
16.8689
19.1209
19.4064
10.4004
9.2345
7.8340
8.4536
7.7536
8.0188
9.0492
8.5333
6.0413
5.4174
5.6459
4.7046
46.5965
42.8223
40.0035
28.5771
5.8109
4.7597
5.9008
6.6586
7.7044
7.9715
8.8898
10.0813
26.4262
26.2996
19.1550
21.8368
16.7076
13.5129
12.4342
10.3029
28.6814
29.6311
35.2821
37.8478
19.5340
20.9794
13.2138
13.4968
9.5961
8.7880
7.1282
6.6802
6.8726
7.5999
7.5444
8.6487
41.2470
42.0786
38.9788
34.1646
22.0680
21.1733
20.0639
16.6393
7.7099
7.9133
8.5292
9.4123
6.0638
5.8906
6.0375
4.9098
12.3726
9.2772
10.4012
13.7676
47.3293
55.9195
54.8953
48.2456
20.5760
34.1025
29.8246
26.3922
13.4862
12.2719
13.0239
10.8864
29.8526
32.5577
26.3234
24.3081
15.9276
14.5480
13.2959
11.4188
15.6710
16.2827
11.8759
11.8087
4.6757
4.3013
4.0488
3.8275
13.3259
13.1982
15.1934
13.7413
11.8726
10.5533
11.4775
11.7130
29.1416
33.4542
26.3482
28.8030
12.4060
12.0368
12.7723
12.7340
