727.2784
804.4072
707.9070
770.6501
822.5529
575.3778
881.0128
960.0662
818.3864
751.8046
691.5736
590.2296
146.0188
172.1629
209.2957
197.3990
304.1925
354.6630
271.9536
272.3493
121.7511
101.1352
137.8379
121.3331
271.5749
336.3330
334.2080
323.6450
455.9612
454.8577
470.0909
362.4354
449.0372
316.9248
268.5140
495.4357
1143.0364
1069.5992
1292.0999
1262.6813
556.2765
641.3980
554.0344
606.7068
465.6139
377.5825
461.1792
425.4821
775.8830
890.8596
826.7173
696.3428
144.7508
128.5520
121.3870
161.5635
237.3713
205.0731
205.1493
160.7804
51.4712
75.9071
67.8643
59.6816
893.3827
636.5870
1011.3575
976.1346
177.6827
201.6270
146.6157
95.7071
452.5246
564.5331
498.0758
509.6224
292.2222
281.0995
260.4959
172.4719
111.9496
99.4545
141.6336
128.6583
300.4181
364.2575
289.3646
265.8201
244.6949
343.7406
288.0481
307.5745
445.6935
443.8604
312.2828
328.9961
272.4368
394.9988
450.3176
467.5672
213.5383
250.6545
215.5971
198.8142
1001.9596
1018.5753
875.6757
990.5554
521.4158
434.0388
379.6324
396.1778
136.2933
114.4356
193.9412
292.9108
763.6786
873.5629
761.4716
722.2157
216.3789
272.3204
321.3144
271.7121
111.0717
102.2552
101.8162
121.5589
236.2081
326.0134
268.3755
250.3144
619.0167
464.6994
545.4935
601.6744
1002.0092
1105.8998
1009.2020
1173.3249
209.2811
204.7656
171.7376
186.4823
1059.6153
1141.8177
958.8303
1013.3491
160.8741
172.2554
200.7885
200.2686
98.5783
106.3667
114.7101
112.1713
209.2753
206.9924
154.2669
162.0614
521.4102
600.3049
657.1682
504.6609
390.6805
425.2531
447.3997
405.6724
82.1860
99.6067
90.0643
100.4973
425.3244
412.3035
429.1226
410.6849
194.2815
203.6711
142.7031
126.8985
340.4142
305.2435
359.8399
302.3730
1194.0964
1139.4577
1265.9234
1294.5817
265.9311
239.8351
260.4584
222.1470
899.3039
899.6676
810.7753
727.0267
403.3390
424.2281
314.7805
286.9375
113.3455
97.3896
135.9337
138.6292
493.2440
446.5645
408.1831
407.6794
270.7931
228.8950
251.2713
229.8831
524.6627
427.1479
357.2184
312.0294
124.0969
115.8611
118.8262
121.3865
188.8648
173.9993
176.7311
205.2423
247.0349
306.7663
370.3082
371.0743
284.8279
356.8996
286.2479
267.9967
658.4782
659.5475
681.8372
665.9531
459.6975
692.1775
678.0756
634.9577
588.8840
427.6810
371.8820
377.4892
346.1821
268.5508
291.2221
358.2129
145.4637
155.7462
147.3978
165.9379
151.3397
130.6828
143.4859
155.2795
314.8965
270.2819
340.5831
280.1067
250.5871
298.5465
308.9993
310.3860
659.1716
693.2252
523.6078
457.9030
1047.8358
1023.0487
905.6169
742.6797
233.5488
256.5387
286.2005
308.7235
198.9898
198.6640
162.3771
140.2450
154.8979
110.9364
118.4357
137.5072
262.0792
270.7254
288.2171
273.2845
291.3639
324.9554
301.4254
305.9606
116.9547
140.9720
130.9030
110.4645
229.4395
239.0812
161.2419
150.0364
1051.8893
1009.6898
911.1289
805.5018
125.2431
115.5749
133.2962
150.2868
186.6516
170.7810
163.7083
178.6978
656.5063
743.7507
751.9929
737.3284
528.5435
640.1064
590.5625
528.0954
573.1623
511.8200
456.5413
463.3028
465.2827
580.6501
386.0177
323.7644
116.5388
140.8416
161.4239
171.6551
124.0530
114.8943
79.6038
91.4990
796.9776
756.3221
773.5605
895.9438
337.8032
321.2931
315.3701
282.6069
233.0637
352.2349
304.5179
284.8141
218.8467
224.5251
157.9424
158.5180
156.9798
134.0507
153.3587
227.3357
482.3242
540.0242
481.6555
464.2081
438.4043
374.2381
504.6950
440.8717
360.2390
320.8588
289.2985
320.1288
567.0808
725.7337
639.2703
611.0576
327.2731
389.8859
427.1937
369.7578
367.3920
315.3507
368.2426
263.0696
103.0187
125.4866
116.3660
117.0650
489.1699
617.3509
648.8353
614.8876
439.6324
375.7821
376.8076
338.0499
650.4435
710.3421
629.3633
563.4450
345.3671
309.7539
274.9838
274.9130
