440.9735
485.8476
469.7294
515.2623
538.2038
465.6686
479.0423
534.2821
394.5393
394.1676
351.4856
353.6724
154.5032
154.5714
166.6213
163.5098
323.2121
351.6426
337.6030
317.0047
121.1881
115.3075
127.2981
139.8709
228.0172
248.7334
264.4088
251.0666
473.8887
455.3311
373.2109
292.0144
325.7038
328.9356
332.0435
342.5072
532.0915
537.1103
574.6031
545.8375
375.5279
400.9142
335.7906
331.9817
458.8858
551.6440
469.2852
436.8482
577.9387
566.4538
540.7865
470.6236
134.6147
126.7455
124.6276
170.3898
194.0400
209.4093
224.2523
225.1889
92.1360
104.2856
109.3133
114.0704
702.5506
506.6987
556.2728
584.1257
140.6312
164.4183
151.4902
132.9513
461.7290
466.0264
462.1387
421.4545
208.1983
218.5547
195.3083
141.7113
126.1821
123.4356
134.4057
110.4692
200.7895
203.9442
187.2513
172.0896
197.6580
218.1615
211.6991
229.0384
321.9882
325.1424
265.4670
254.6824
343.3755
343.3346
371.2091
392.7089
225.9555
243.4265
211.3049
208.5908
544.5801
508.5099
551.0283
539.1925
550.7805
472.0384
466.9006
409.5389
135.3743
187.7021
179.0461
218.0826
464.3135
505.3605
482.6026
412.2536
202.4995
250.9121
338.9361
312.9907
96.2606
105.8291
114.6717
108.3001
325.0524
362.1935
359.5957
356.4860
412.4535
362.7147
367.4197
371.9403
527.5680
512.2969
511.1477
555.3669
201.4743
226.0571
157.9618
159.6776
569.0384
607.7117
571.9744
614.3735
158.4337
167.4983
174.8910
174.2697
90.8571
102.1886
112.4113
117.4199
165.3036
217.3335
200.5753
212.7921
400.6320
473.9146
501.2093
341.5221
323.9573
318.0469
332.1234
340.7862
99.9292
116.8534
118.1871
102.7427
406.9356
381.8847
396.8008
352.3625
163.6708
193.2929
209.2407
202.1858
304.9818
238.8322
282.2816
287.2755
591.1505
588.2188
601.8405
592.3704
282.2403
223.1138
251.2691
227.6595
507.5191
537.0568
493.3147
437.4539
292.3789
305.0880
266.9135
204.6386
114.2653
113.0693
122.5248
164.0877
259.3253
272.9760
236.5510
234.1013
222.0889
258.5515
216.8187
223.8515
266.7507
258.6007
229.8530
249.1842
141.1090
147.3618
139.0359
149.9421
146.9870
158.5446
168.9097
165.7345
245.3422
257.4675
290.5129
288.9543
320.0514
326.4460
320.5540
272.7038
669.5806
624.1574
596.7826
554.7498
446.0028
503.0301
484.0728
537.5589
294.0163
236.9689
223.7981
243.2537
337.0486
266.3950
270.2432
292.5057
119.2249
142.3996
117.0891
121.5790
142.3630
136.1475
127.1596
125.8860
356.5177
380.9901
391.2710
380.7059
276.9285
280.7451
284.9873
292.6727
538.7235
546.3095
449.7881
407.9689
586.1253
615.8099
535.3541
478.7611
218.8834
252.3838
226.6052
233.6070
210.9659
220.6218
160.3973
147.6119
130.3489
130.8826
130.8632
197.9657
263.7838
265.9521
245.2717
237.7378
308.3922
351.5506
328.5482
305.1842
87.6621
112.4322
117.5691
118.1759
218.6355
237.1874
168.9465
159.1357
504.5859
515.9105
474.6783
475.6740
123.4614
113.8724
105.7100
110.5202
143.5505
136.6378
119.3976
111.8430
544.5464
517.2057
524.5693
462.1523
487.8968
563.6663
552.1767
466.7038
449.1779
450.9742
430.3362
479.9754
451.9101
464.7768
354.1493
299.8982
86.1423
90.8515
98.8535
105.2558
136.7228
141.4874
144.9844
135.9800
454.3075
444.8060
440.4702
448.2742
192.9019
180.3129
171.9616
163.0327
340.2464
369.8294
387.4209
399.1259
197.4108
213.2688
170.4228
153.3980
150.8587
202.4469
182.1542
213.4678
275.3455
281.1913
255.9931
279.1524
455.8204
439.1769
396.9235
364.1305
272.3490
278.0777
257.4638
249.4563
447.8730
501.7332
481.1517
541.6429
276.6052
285.6020
316.3085
316.8544
229.1576
231.7453
227.8405
213.7799
101.4111
123.7417
99.3938
108.0140
443.6550
564.4819
604.3570
585.1923
311.2260
288.7668
278.7028
294.9040
387.9568
411.5554
359.4498
360.1817
276.7943
292.6270
224.9976
236.4688
